length.group 1 2 3 4 5 sum(10e9) biomass(10e3t) meanweight(g) meanlength(cm) year
1 0 0 0 0 0 0 0 0 5.25 1972
2 0 0 0 0 0 0 0 0 5.75 1972
3 2.63 0 0 0 0 2.63 1.8 0.7 6.25 1972
4 5.12 0 0 0 0 5.12 5.1 1 6.75 1972
5 11.89 0 0 0 0 11.89 14.3 1.2 7.25 1972
6 26.62 0 0 0 0 26.62 45.3 1.7 7.75 1972
7 32.85 0 0 0 0 32.85 72.3 2.2 8.25 1972
8 31.68 0 0 0 0 31.68 95 3 8.75 1972
9 21.67 0 0 0 0 21.67 65 3 9.25 1972
10 12.12 0 0 0 0 12.12 48.5 4 9.75 1972
11 6.1 0 0 0 0 6.1 23.2 3.8 10.25 1972
12 1.74 1.09 0 0 0 2.83 13.1 4.6 10.75 1972
13 0 2.05 0 0 0 2.05 11.3 5.5 11.25 1972
14 0 4.42 0.2 0 0 4.62 29.5 6.4 11.75 1972
15 0 14.34 0.39 0 0 14.73 110.5 7.5 12.25 1972
16 0 31.56 4.66 0.42 0 36.64 302.2 8.2 12.75 1972
17 0 38.81 21.09 0.66 0 60.56 568.2 9.4 13.25 1972
18 0 28.78 34.25 1.73 0 64.76 696.3 10.8 13.75 1972
19 0 11.88 40.83 1.65 0 54.36 637.3 11.7 14.25 1972
20 0 4.62 27.58 2.92 0 35.12 467 13.3 14.75 1972
21 0 2.48 17.09 2.35 0.2 22.12 325.3 14.7 15.25 1972
22 0 0.73 10.22 2.85 0.16 13.96 222.3 15.9 15.75 1972
23 0 0.38 6.24 3.22 0.46 10.3 193.6 18.8 16.25 1972
24 0 0 3.99 3.35 0.26 7.6 149.2 19.6 16.75 1972
25 0 0 1.95 2.37 0.2 4.52 103.2 22.8 17.25 1972
26 0 0 0.85 0.84 0.27 1.96 44.1 22.5 17.75 1972
27 0 0 0.39 0.64 0.12 1.15 31.3 27.2 18.25 1972
28 0 0 0 0.04 0.06 0.1 2.8 27.5 18.75 1972
29 0 0 0 0 0.22 0.22 6.2 28 19.25 1972
30 0 0 0 0 0 0 0 0 19.75 1972
31 0 0 0 0 0 0 0 0 20.25 1972
32 0 0 0 0 0.07 0.07 2.1 30 20.75 1972
1 0 0 0 0 0 0 0 0 5.25 1973
2 0 0 0 0 0 0 0 0 5.75 1973
3 0 0 0 0 0 0 0 0 6.25 1973
4 7.79 0 0 0 0 7.79 8 1 6.75 1973
5 11.13 1.82 0 0 0 12.95 17.5 1.3 7.25 1973
6 11.43 0 0 0 0 11.43 19.4 1.7 7.75 1973
7 30.09 1.31 0 0 0 31.4 65.1 2.1 8.25 1973
8 70.67 2.16 0 0 0 72.83 157.9 2.2 8.75 1973
9 118.32 14.38 0 0 0 132.7 376 2.8 9.25 1973
10 123.91 34.78 0 0 0 158.69 505.1 3.2 9.75 1973
11 72.85 64.66 0 0 0 137.51 533.3 3.9 10.25 1973
12 45.97 51.58 0 0 0 97.55 450.6 4.6 10.75 1973
13 23.11 49.74 0 0 0 72.85 403.1 5.5 11.25 1973
14 7.26 44.62 0.52 0 0 52.4 340.4 6.5 11.75 1973
15 2.23 40.4 0 0 0 42.63 319.7 7.5 12.25 1973
16 2.43 23.87 0.4 0 0 26.7 233.9 8.8 12.75 1973
17 0.69 16.99 1.24 0 0 18.92 191.2 10.1 13.25 1973
18 0.22 12.57 2.41 0 0 15.2 174.3 11.5 13.75 1973
19 0.36 6.86 2.96 0.23 0 10.41 131.8 12.7 14.25 1973
20 0 3.32 5.45 0.42 0 9.19 132.3 14.4 14.75 1973
21 0 2.49 5.99 1.33 0 9.81 158 16.1 15.25 1973
22 0 2.28 5.16 1.95 0 9.39 177.2 18.9 15.75 1973
23 0 0.39 5.48 3.46 0 9.33 195.7 21 16.25 1973
24 0 0.36 5.48 2.88 0.05 8.77 208.8 23.8 16.75 1973
25 0 0.45 2.85 2.75 0.05 6.1 156.7 25.7 17.25 1973
26 0 0 1.12 2.42 0.08 3.62 110.4 30.5 17.75 1973
27 0 0 0.69 1.32 0 2.01 64.6 32.2 18.25 1973
28 0 0 0 0.3 0 0.3 11 36.7 18.75 1973
29 0 0 0 0.03 0 0.03 1.1 38 19.25 1973
30 0 0 0 0.02 0 0.02 1.1 53 19.75 1973
31 0 0 0 0 0 0 0 0 20.25 1973
32 0 0 0 0 0 0 0 0 20.75 1973
1 0 0 0 0 0 0 0 0 5.25 1974
2 0.13 0 0 0 0 0.13 0.1 0.7 5.75 1974
3 0.35 0 0 0 0 0.35 0.3 0.8 6.25 1974
4 0.51 0 0 0 0 0.51 0.5 1 6.75 1974
5 2.28 0.11 0 0 0 2.39 2.9 1.2 7.25 1974
6 3.78 0.05 0 0 0 3.83 5.4 1.4 7.75 1974
7 10.63 0.98 0.06 0 0 11.67 22.4 1.9 8.25 1974
8 23.27 1.1 0 0 0 24.37 53.8 2.2 8.75 1974
9 33.18 4.28 0.29 0 0 37.75 106.2 2.8 9.25 1974
10 64.44 17.26 1.31 0 0 83.01 257.8 3.1 9.75 1974
11 74.67 79.12 8.5 0 0 162.29 620.8 3.8 10.25 1974
12 59.27 116.04 15.58 0 0 190.89 815.9 4.3 10.75 1974
13 24.65 104.74 21.1 0 0 150.49 751.2 5 11.25 1974
14 5.55 83.14 21.31 0 0 110 632.7 5.8 11.75 1974
15 1.56 61.02 20.17 0 0 82.75 564.1 6.8 12.25 1974
16 0.31 35.52 15.12 0.1 0 51.05 403.4 7.9 12.75 1974
17 0.1 19.37 15.68 0.23 0 35.38 325.2 9.2 13.25 1974
18 0.08 10.06 14.44 0.05 0 24.63 263.1 10.7 13.75 1974
19 0.04 8.05 12.13 0.38 0 20.6 255.5 12.4 14.25 1974
20 0 3.7 9.82 0.13 0 13.65 193.9 14.2 14.75 1974
21 0 2.04 6.23 0.35 0 8.62 140.3 16.3 15.25 1974
22 0 0.57 5.28 0.16 0 6.01 112.9 18.8 15.75 1974
23 0 0.23 3.08 0.59 0 3.9 83.2 21.3 16.25 1974
24 0 0.03 1.6 0.4 0 2.03 49.4 24.3 16.75 1974
25 0 0.03 0.81 0.48 0.07 1.39 34.9 25.1 17.25 1974
26 0 0 0.14 0.24 0 0.38 10.8 28.3 17.75 1974
27 0 0 0.14 0.15 0 0.29 9.4 32.6 18.25 1974
28 0 0 0.25 0 0 0.25 8.1 32.6 18.75 1974
29 0 0 0.07 0.1 0 0.17 6.6 39 19.25 1974
30 0 0 0 0.05 0 0.05 2.1 42 19.75 1974
31 0 0 0 0 0 0 0 0 20.25 1974
32 0 0 0 0 0 0 0 0 20.75 1974
1 0 0 0 0 0 0 0 0 5.25 1975
2 0 0 0 0 0 0 0 0 5.75 1975
3 0 0 0 0 0 0 0 0 6.25 1975
4 0.06 0 0 0 0 0.06 0 0.7 6.75 1975
5 0.19 0 0 0 0 0.19 0.2 1 7.25 1975
6 1.52 0 0 0 0 1.52 1.8 1.2 7.75 1975
7 4.42 0.44 0 0 0 4.86 8.8 1.8 8.25 1975
8 17.62 0.21 0 0 0 17.83 37.9 2.1 8.75 1975
9 38.57 2.73 0 0 0 41.3 109.4 2.6 9.25 1975
10 42.67 7.99 0 0 0 50.66 163.5 3.2 9.75 1975
11 47.51 12.13 0 0 0 59.64 235.7 4 10.25 1975
12 24.26 33.2 0.32 0 0 57.78 255.6 4.4 10.75 1975
13 9.7 50.53 10.06 0.39 0 70.68 372 5.3 11.25 1975
14 3.09 79.06 29.27 0.86 0 112.28 671.8 6 11.75 1975
15 0.82 62.63 39.08 3.22 0 105.75 756.8 7.2 12.25 1975
16 0 43.06 52.02 4.89 0 99.97 852.4 8.5 12.75 1975
17 0 25.71 43.08 8.39 0 77.18 769.7 10 13.25 1975
18 0 16.36 34.7 7.2 0 58.26 657.7 11.3 13.75 1975
19 0 6.64 26.78 9.68 0 43.1 553.9 12.9 14.25 1975
20 0 2.35 19.45 8.63 0 30.43 453.4 14.9 14.75 1975
21 0 2.58 15.62 5.62 0 23.82 385.2 16.2 15.25 1975
22 0 1.43 8.93 10.8 0 21.16 395.4 18.7 15.75 1975
23 0 1.03 6.65 8.22 0 15.9 336.4 21.2 16.25 1975
24 0 0 4.94 6.1 0 11.04 267.6 24.2 16.75 1975
25 0 0 2.26 5.6 0.27 8.13 228.9 28.1 17.25 1975
26 0 0 1.41 4.54 0 5.95 179.2 30.1 17.75 1975
27 0 0 1.02 1.64 0 2.66 89.2 33.5 18.25 1975
28 0 0 0.08 0.58 0 0.66 23.8 36.1 18.75 1975
29 0 0 0 0 0 0 0 0 19.25 1975
30 0 0 0 0 0 0 0 0 19.75 1975
31 0 0 0 0 0 0 0 0 20.25 1975
32 0 0 0 0 0 0 0 0 20.75 1975
1 0 0 0 0 0 0 0 0 5.25 1976
2 0 0 0 0 0 0 0 0 5.75 1976
3 0 0 0 0 0 0 0 0 6.25 1976
4 0 0 0 0 0 0 0 0 6.75 1976
5 0.23 0 0 0 0 0.23 0.2 1 7.25 1976
6 3.19 0 0 0 0 3.19 3.8 1.2 7.75 1976
7 9.18 0 0 0 0 9.18 12.9 1.4 8.25 1976
8 14.69 0.24 0 0 0 14.93 23.9 1.6 8.75 1976
9 21.14 0.11 0 0 0 21.25 52.9 2.5 9.25 1976
10 25.29 0.1 0 0 0 25.39 76.7 3 9.75 1976
11 50.16 0.7 0 0 0 50.86 191.1 3.8 10.25 1976
12 44.02 2.77 0.47 0 0 47.26 204.5 4.3 10.75 1976
13 28.45 13.35 0.57 0 0 42.37 218.5 5.2 11.25 1976
14 11.75 38.06 4.97 0.54 0 55.32 339.3 6.1 11.75 1976
15 2.38 49.16 10.81 1.26 0 63.61 438.8 6.9 12.25 1976
16 0.35 45.34 19.59 3.14 0.28 68.7 548 8 12.75 1976
17 0 30.86 19.23 4.22 0.49 54.8 507.6 9.3 13.25 1976
18 0 25.21 22.81 7.77 0.06 55.85 600.4 10.7 13.75 1976
19 0 15.06 19.66 7.61 1.38 43.71 543.1 12.4 14.25 1976
20 0 8.2 22.45 9.65 1.15 41.45 586.5 14.2 14.75 1976
21 0 2.5 15.07 9.91 1.28 28.76 467.3 16.2 15.25 1976
22 0 0.99 13.62 8.38 2.45 25.44 462.5 18.2 15.75 1976
23 0 0.24 5.02 6.41 0.94 12.61 265.9 21.1 16.25 1976
24 0 0.17 4.07 5.31 0.53 10.08 242.5 24.1 16.75 1976
25 0 0 3.08 5.49 1.09 9.66 257.5 26.7 17.25 1976
26 0 0 1.34 3.31 0.83 5.48 166.5 30.4 17.75 1976
27 0 0 0.05 2.45 1.1 3.6 122.6 34.1 18.25 1976
28 0 0 0.18 0.79 0.23 1.2 47 39.2 18.75 1976
29 0 0 0 0.29 0.55 0.84 35.2 41.9 19.25 1976
30 0 0 0 0 0 0 0 0 19.75 1976
31 0 0 0 0.04 0 0.04 2.2 56 20.25 1976
32 0 0 0 0 0 0 0 0 20.75 1976
1 4.51 0 0 0 0 4.51 1.4 0.3 5.25 1977
2 8.66 0 0 0 0 8.66 3.5 0.4 5.75 1977
3 18.05 0 0 0 0 18.05 9 0.5 6.25 1977
4 24.78 0 0 0 0 24.78 14.9 0.6 6.75 1977
5 38.35 0 0 0 0 38.35 26.8 0.7 7.25 1977
6 38.6 0 0 0 0 38.6 46.3 1.2 7.75 1977
7 54.55 0.02 0 0 0 54.57 101.7 1.9 8.25 1977
8 52.21 0.53 0 0 0 52.74 117.5 2.2 8.75 1977
9 41.39 1.48 0 0 0 42.87 120.5 2.8 9.25 1977
10 38.75 2.37 0 0 0 41.12 130.2 3.2 9.75 1977
11 25.92 4.07 0.02 0 0 30.01 113.3 3.8 10.25 1977
12 10.1 7.47 0.02 0 0 17.59 75.7 4.3 10.75 1977
13 3.11 18.75 0.13 0 0 21.99 110.9 5 11.25 1977
14 0.77 28.62 0.4 0.17 0 29.96 177.1 5.9 11.75 1977
15 0.05 31.5 1.94 0.16 0 33.65 238.5 7.1 12.25 1977
16 0 24.22 4.04 0.39 0 28.65 233.9 8.2 12.75 1977
17 0 22.84 7.7 1.24 0 31.78 310.4 9.8 13.25 1977
18 0 12.62 11.18 2.02 0 25.82 290.9 11.3 13.75 1977
19 0 8.46 11.64 2.86 0.34 23.3 304.4 13.1 14.25 1977
20 0 5.38 13.63 4.38 0.26 23.65 351.9 14.9 14.75 1977
21 0 3.07 10.95 4.57 0.85 19.44 331.7 17.1 15.25 1977
22 0 2.25 13.2 5.44 1.29 22.18 423 19.1 15.75 1977
23 0 0.93 8.44 4.71 1 15.08 331.9 22 16.25 1977
24 0 0.14 8.2 3.64 0.84 12.82 313.8 24.5 16.75 1977
25 0 0.12 3.51 4.77 1.11 9.51 263.8 27.7 17.25 1977
26 0 0 2.44 3.37 1.4 7.21 219.7 30.5 17.75 1977
27 0 0 0.97 1.67 0.14 2.78 92.3 33.2 18.25 1977
28 0 0 0.14 0.66 0.05 0.85 29.8 35 18.75 1977
29 0 0 0 0.2 0 0.2 8.4 42 19.25 1977
30 0 0 0 0.06 0 0.06 2.9 48 19.75 1977
31 0 0 0 0 0 0 0 0 20.25 1977
32 0 0 0 0 0 0 0 0 20.75 1977
1 0 0 0 0 0 0 0 0 5.25 1978
2 0 0 0 0 0 0 0 0 5.75 1978
3 0 0 0 0 0 0 0 0 6.25 1978
4 0.29 0.03 0 0 0 0.32 0.3 0.8 6.75 1978
5 4.39 0.08 0 0 0 4.47 4.9 1.1 7.25 1978
6 3.1 0.1 0 0 0 3.2 5.3 1.7 7.75 1978
7 7.06 0.49 0 0 0 7.55 17.1 2.3 8.25 1978
8 9.26 1.07 0 0 0 10.33 25.5 2.5 8.75 1978
9 23.89 3.42 0 0 0 27.31 72.2 2.6 9.25 1978
10 22.95 7.91 0 0 0 30.86 97.8 3.2 9.75 1978
11 7.92 28.61 0 0 0 36.53 144.8 4 10.25 1978
12 3.1 48.75 0 0 0 51.85 238.2 4.6 10.75 1978
13 1.57 69.46 0.43 0 0 71.46 381.3 5.3 11.25 1978
14 0 71.67 0.61 0 0 72.28 438.2 6.1 11.75 1978
15 0 68.23 0.84 0 0 69.07 499 7.2 12.25 1978
16 0 40.53 2.16 0 0 42.69 358.8 8.4 12.75 1978
17 0 23.3 7.53 0 0 30.83 305.6 9.9 13.25 1978
18 0 13.31 9.8 0 0 23.11 256.1 11.1 13.75 1978
19 0 5.88 10.08 0.38 0 16.34 213.8 13.1 14.25 1978
20 0 4.3 12.11 0.98 0.12 17.51 255.3 14.6 14.75 1978
21 0 2 10.61 0.9 0 13.51 229 16.9 15.25 1978
22 0 1.46 7.99 2.15 0 11.6 225.3 19.4 15.75 1978
23 0 0.61 6.1 1.57 0.21 8.49 180 21.2 16.25 1978
24 0 0.43 3.87 1.79 0.1 6.19 146 23.6 16.75 1978
25 0 0 1.8 0.84 0.05 2.69 72.1 26.8 17.25 1978
26 0 0.05 0.88 0.15 0.05 1.13 34.3 30.3 17.75 1978
27 0 0 0.67 0.1 0 0.77 25.8 33.6 18.25 1978
28 0 0 0.29 0 0.13 0.42 17.8 42.4 18.75 1978
29 0 0 0.08 0 0 0.08 2.9 36 19.25 1978
30 0 0 0 0 0 0 0 0 19.75 1978
31 0 0 0 0 0 0 0 0 20.25 1978
32 0 0 0 0 0 0 0 0 20.75 1978
1 0 0 0 0 0 0 0 0 5.25 1979
2 0 0 0 0 0 0 0 0 5.75 1979
3 0 0 0 0 0 0 0 0 6.25 1979
4 0 0 0 0 0 0 0 0 6.75 1979
5 0 0 0 0 0 0 0 0 7.25 1979
6 0 0 0 0 0 0 0 0 7.75 1979
7 0.13 0 0 0 0 0.13 0.2 1.8 8.25 1979
8 0.06 0 0 0 0 0.06 0.1 2.2 8.75 1979
9 0.38 0 0 0 0 0.38 1.1 3 9.25 1979
10 1.31 0.79 0 0 0 2.1 7.1 3.4 9.75 1979
11 3.25 4.64 0 0 0 7.89 33.8 4.3 10.25 1979
12 2.56 14.29 0 0 0 16.85 75.5 4.5 10.75 1979
13 2.16 29.36 0 0 0 31.52 165 5.2 11.25 1979
14 1.86 67.13 1.4 0 0 70.39 428.3 6.1 11.75 1979
15 0.32 84.48 1.13 0 0 85.93 613.1 7.1 12.25 1979
16 0 65.98 10.6 0 0 76.58 621.9 8.1 12.75 1979
17 0 39.46 22.98 0 0 62.44 590.5 9.5 13.25 1979
18 0 19.02 16.85 0.41 0 36.28 399.6 11 13.75 1979
19 0 5.92 17.65 0.14 0 23.71 304.3 12.8 14.25 1979
20 0 1.09 14.5 0.46 0 16.05 240 15 14.75 1979
21 0 0.61 12.72 0.91 0 14.24 242.9 17.1 15.25 1979
22 0 0.5 6.25 0.33 0 7.08 137.8 19.5 15.75 1979
23 0 0.1 5.74 0.89 0 6.73 143.7 21.4 16.25 1979
24 0 0 1.64 0.49 0.06 2.19 52.7 24.1 16.75 1979
25 0 0 1.69 0.76 0 2.45 67 27.4 17.25 1979
26 0 0 0.55 0.44 0 0.99 32 32.3 17.75 1979
27 0 0 0.08 0.06 0 0.14 4.8 34.6 18.25 1979
28 0 0 0 0 0 0 0 0 18.75 1979
29 0 0 0 0 0 0 0 0 19.25 1979
30 0 0 0 0 0 0 0 0 19.75 1979
31 0 0 0 0 0 0 0 0 20.25 1979
32 0 0 0 0 0 0 0 0 20.75 1979
1 0 0 0 0 0 0 0 0 5.25 1980
2 0 0 0 0 0 0 0 0 5.75 1980
3 0 0 0 0 0 0 0 0 6.25 1980
4 0.65 0 0 0 0 0.65 0.6 1 6.75 1980
5 2.47 0 0 0 0 2.47 2.5 1 7.25 1980
6 2.59 0 0 0 0 2.59 2.6 1 7.75 1980
7 5.66 0 0 0 0 5.66 9.6 1.7 8.25 1980
8 14.83 0 0 0 0 14.83 29.7 2 8.75 1980
9 25.59 0 0 0 0 25.59 60.3 2.4 9.25 1980
10 26.91 0.25 0 0 0 27.16 83.2 3.1 9.75 1980
11 29.41 0.75 0 0 0 30.16 119.3 4 10.25 1980
12 51.66 3.83 0 0 0 55.49 259.1 4.7 10.75 1980
13 57.9 11.36 0.13 0 0 69.39 366.9 5.3 11.25 1980
14 31.2 24.51 0.03 0 0 55.74 345.4 6.2 11.75 1980
15 12.05 33.71 0.51 0 0 46.27 341.8 7.4 12.25 1980
16 5.86 31.58 1.69 0.04 0 39.17 340.1 8.7 12.75 1980
17 2.53 30.98 4.61 0.14 0 38.26 388.9 10.2 13.25 1980
18 0.6 27.18 11.34 0.12 0 39.24 452 11.5 13.75 1980
19 0 18.24 23.14 1.06 0 42.44 559.1 13.2 14.25 1980
20 0 7.53 28.06 1.96 0 37.55 553.4 14.7 14.75 1980
21 0 4.23 27.85 3.81 0 35.89 606.3 16.9 15.25 1980
22 0 1 18.07 4.68 0.02 23.77 451.6 19 15.75 1980
23 0 0.48 14.74 4.75 0.28 20.25 444.6 22 16.25 1980
24 0 0.07 9.01 4.17 0 13.25 335.2 25.3 16.75 1980
25 0 0.07 5.26 3.92 0 9.25 264.4 28.6 17.25 1980
26 0 0 4.62 3.52 0 8.14 261.7 32.1 17.75 1980
27 0 0 2.92 2.33 0 5.25 191.6 36.5 18.25 1980
28 0 0 1.81 1.1 0 2.91 117.1 40.2 18.75 1980
29 0 0 1.31 0.85 0 2.16 91.3 42.3 19.25 1980
30 0 0 0.18 0.56 0 0.74 36.5 49.3 19.75 1980
31 0 0 0 0 0 0 0 0 20.25 1980
32 0 0 0 0 0 0 0 0 20.75 1980
1 0 0 0 0 0 0 0 0 5.25 1981
2 0 0 0 0 0 0 0 0 5.75 1981
3 8.63 0 0 0 0 8.63 8.3 1 6.25 1981
4 19.22 0 0 0 0 19.22 19.2 1 6.75 1981
5 33.35 0 0 0 0 33.35 33.3 1 7.25 1981
6 60.13 0 0 0 0 60.13 78.3 1.3 7.75 1981
7 65.58 0 0 0 0 65.58 118.3 1.8 8.25 1981
8 58.43 0.08 0 0 0 58.51 123.1 2.1 8.75 1981
9 52.59 0.34 0 0 0 52.93 136.9 2.6 9.25 1981
10 41.83 1.32 0 0 0 43.15 130.5 3 9.75 1981
11 26.57 2.58 0 0 0 29.15 108.8 3.7 10.25 1981
12 21.72 4.73 0 0 0 26.45 114.2 4.3 10.75 1981
13 7.88 8.98 0 0 0 16.86 88.7 5.3 11.25 1981
14 2.99 17.46 0.05 0 0 20.5 127.6 6.2 11.75 1981
15 1.62 30.74 0.19 0 0 32.55 234.1 7.2 12.25 1981
16 1.25 41.99 0.59 0 0 43.83 363.8 8.3 12.75 1981
17 0.5 32.8 2.29 0.04 0 35.63 342.7 9.6 13.25 1981
18 0.2 23.51 4.66 0.01 0 28.38 315.6 11.1 13.75 1981
19 0.07 15.32 6.42 0.02 0 21.83 276.6 12.7 14.25 1981
20 0 6.77 7.02 0.2 0 13.99 201.7 14.4 14.75 1981
21 0 3.55 7.05 1.4 0.04 12.04 197.4 16.4 15.25 1981
22 0 1.64 6.98 2 0 10.62 190.2 17.9 15.75 1981
23 0 0.94 4.7 1.97 0.02 7.63 155.8 20.4 16.25 1981
24 0 0.79 3.46 2.59 0 6.84 156.1 22.8 16.75 1981
25 0 0.67 1.57 1.73 0.04 4.01 107 26.7 17.25 1981
26 0 0.52 1.62 1.82 0.06 4.02 120 29.8 17.75 1981
27 0 0.38 0.66 1.29 0 2.33 77.7 33.3 18.25 1981
28 0 0.17 0.51 0.49 0.1 1.27 46.3 36.4 18.75 1981
29 0 0 0.15 0.02 0 0.17 7.8 46 19.25 1981
30 0 0 0.05 0.19 0 0.24 11.5 48 19.75 1981
31 0 0 0.01 0.03 0 0.04 2.3 58.5 20.25 1981
32 0 0 0.02 0 0 0.02 1.3 63 20.75 1981
1 11.11 0 0 0 0 11.11 4.44 0.4 0 1982
2 16.17 0 0 0 0 16.17 9.7 0.6 0 1982
3 30.16 0 0 0 0 30.16 30.16 1 0 1982
4 40.68 0 0 0 0 40.68 40.68 1 0 1982
5 55.98 0 0 0 0 55.98 55.98 1 0 1982
6 65.35 0 0 0 0 65.35 71.89 1.1 0 1982
7 36.03 0 0 0 0 36.03 57.65 1.6 0 1982
8 41.79 0 0 0 0 41.79 87.76 2.1 0 1982
9 52.89 0.33 0 0 0 53.22 143.7 2.7 0 1982
10 59.03 0.51 0 0 0 59.54 184.59 3.1 0 1982
11 54.95 2.02 0 0 0 56.97 216.49 3.8 0 1982
12 36.53 8.53 0 0 0 45.06 198.26 4.4 0 1982
13 15.29 14.69 0 0 0 29.98 158.91 5.3 0 1982
14 8.86 22.85 0 0 0 31.71 196.59 6.2 0 1982
15 3.15 25.43 0.05 0 0 28.63 209.03 7.3 0 1982
16 0.3 22.84 0.23 0 0 23.38 196.37 8.4 0 1982
17 0.04 16.1 0.41 0 0 16.56 163.92 9.9 0 1982
18 0 12.63 1.5 0 0 14.13 161.1 11.4 0 1982
19 0 6.81 5.89 0 0 12.69 167.54 13.2 0 1982
20 0 5.9 6.16 0.03 0 12.09 178.86 14.8 0 1982
21 0 3.14 9.41 0.14 0 12.69 217.05 17.1 0 1982
22 0 1.61 9.1 0.54 0 11.25 212.57 18.9 0 1982
23 0 0.53 6.58 0.47 0 7.58 161.39 21.3 0 1982
24 0 0.96 5.69 0.31 0 6.95 172.44 24.8 0 1982
25 0 0.91 5.01 0.19 0 6.12 170.61 27.9 0 1982
26 0 1.44 2.76 0.2 0 4.4 136.49 31 0 1982
27 0 0.2 2.33 0 0 2.53 87.37 34.5 0 1982
28 0 0.12 0.51 0 0 0.64 22.9 35.9 0 1982
29 0 0 0.78 0.14 0 0.92 37.2 40.3 0 1982
30 0 0.07 0.26 0.14 0 0.47 20.27 43.3 0 1982
31 0 0 0.13 0 0 0.13 6.3 50 0 1982
32 0 0 0 0 0 0 0 0 0 1982
1 0 0 0 0 0 0 0 0 5.25 1983
2 0 0 0 0 0 0 0 0 5.75 1983
3 0 0 0 0 0 0 0 0 6.25 1983
4 5.27 0 0 0 0 5.27 5.3 1 6.75 1983
5 7.18 0 0 0 0 7.18 7.2 1 7.25 1983
6 10.16 0 0 0 0 10.16 10.9 1.1 7.75 1983
7 27.56 0 0 0 0 27.56 55.7 2 8.25 1983
8 96.43 0 0 0 0 96.43 208.3 2.2 8.75 1983
9 119.53 1.46 0 0 0 120.99 340.1 2.8 9.25 1983
10 109.66 2.91 0 0 0 112.57 353.2 3.1 9.75 1983
11 67.1 4.4 0 0 0 71.5 278.1 3.9 10.25 1983
12 38.15 15.71 0 0 0 53.86 249.8 4.6 10.75 1983
13 21.61 23.39 0 0 0 45 249.1 5.5 11.25 1983
14 8.49 24.67 0 0 0 33.16 212.6 6.4 11.75 1983
15 2.16 30.13 0.27 0 0 32.56 248.3 7.6 12.25 1983
16 1.44 23.93 0.64 0 0 26.01 231.1 8.9 12.75 1983
17 0.14 22.12 2.32 0 0 24.58 253 10.3 13.25 1983
18 0 14.25 2.52 0 0 16.77 199.2 11.9 13.75 1983
19 0 11.57 5.32 0 0 16.89 231.2 13.7 14.25 1983
20 0 8.21 4.66 0 0 12.87 199.5 15.5 14.75 1983
21 0 7.34 5.21 0.07 0 12.62 225.6 17.9 15.25 1983
22 0 3.88 4.38 0.06 0 8.32 168.8 20.3 15.75 1983
23 0 2.87 5.45 0.14 0 8.46 191.9 22.7 16.25 1983
24 0 1.65 2.77 0.09 0 4.51 117.1 26 16.75 1983
25 0 1.07 2.64 0 0 3.71 106.1 28.6 17.25 1983
26 0 0.33 1.33 0 0 1.66 54.1 32.6 17.75 1983
27 0 0.11 0.36 0 0 0.47 16.1 34.3 18.25 1983
28 0 0.18 0.22 0 0 0.4 16.1 40.2 18.75 1983
29 0 0.01 0.02 0 0 0.03 1.3 45 19.25 1983
30 0 0 0 0 0 0 0 0 19.75 1983
31 0 0 0 0 0 0 0 0 20.25 1983
32 0 0 0 0 0 0 0 0 20.75 1983
1 0 0 0 0 0 0 0 0 5.25 1984
2 0 0 0 0 0 0 0 0 5.75 1984
3 0 0 0 0 0 0 0 0 6.25 1984
4 0 0 0 0 0 0 0 0 6.75 1984
5 0 0 0 0 0 0 0 0 7.25 1984
6 1.62 0 0 0 0 1.62 2.6 1.6 7.75 1984
7 3.6 0 0 0 0 3.6 6.7 1.9 8.25 1984
8 11.2 0 0 0 0 11.2 23.2 2.1 8.75 1984
9 28.26 0.34 0 0 0 28.6 75.8 2.7 9.25 1984
10 39.38 3.89 0 0 0 43.27 136.4 3.2 9.75 1984
11 26.12 13.79 0 0 0 39.91 157.5 3.9 10.25 1984
12 21.77 24.34 0.25 0 0 46.36 209.4 4.5 10.75 1984
13 13.25 29.45 0.79 0 0 43.49 229.1 5.3 11.25 1984
14 5.58 30.08 1.14 0 0 36.8 222.6 6 11.75 1984
15 1.37 26.93 1.94 0 0 30.24 215.1 7.1 12.25 1984
16 1.58 17.4 1.63 0 0 20.61 173.1 8.4 12.75 1984
17 0.75 13.83 2.84 0 0 17.42 170.8 9.8 13.25 1984
18 0.25 7.39 4.09 0 0 11.73 134.2 11.4 13.75 1984
19 0.02 5.4 5.01 0 0 10.43 141.3 13.5 14.25 1984
20 0 3.79 4.95 0 0 8.74 129.3 14.8 14.75 1984
21 0 3.08 5.39 0.36 0 8.83 152.6 17.3 15.25 1984
22 0 2.17 4.2 0.37 0 6.74 128.1 19 15.75 1984
23 0 1.85 4.06 0.39 0 6.3 136.7 21.7 16.25 1984
24 0 1.01 3.05 0.59 0 4.65 117.1 25.2 16.75 1984
25 0 1.05 3.27 0.31 0 4.63 131.3 28.4 17.25 1984
26 0 0.57 2.33 0.23 0 3.13 99.5 31.8 17.75 1984
27 0 0.16 1.54 0.23 0 1.93 68.6 35.6 18.25 1984
28 0 0.12 0.79 0.32 0 1.23 47.4 38.5 18.75 1984
29 0 0.01 0.6 0.14 0 0.75 32.1 42.8 19.25 1984
30 0 0 0.29 0.09 0 0.38 17.8 46.9 19.75 1984
31 0 0 0.02 0.07 0 0.09 4.8 53.1 20.25 1984
32 0 0 0 0.02 0 0.02 1.2 60 20.75 1984
1 0 0 0 0 0 0 0 0 5.25 1985
2 0 0 0 0 0 0 0 0 5.75 1985
3 0 0 0 0 0 0 0 0 6.25 1985
4 0 0 0 0 0 0 0 0 6.75 1985
5 0.04 0 0 0 0 0.04 0.04 1 7.25 1985
6 0.03 0 0 0 0 0.03 0.04 1.2 7.75 1985
7 0.33 0 0 0 0 0.33 0.6 1.8 8.25 1985
8 1.34 0 0 0 0 1.34 3.3 2.5 8.75 1985
9 3.93 0.01 0 0 0 3.94 10.8 2.7 9.25 1985
10 6.66 0.52 0 0 0 7.18 25.5 3.5 9.75 1985
11 8.94 1.66 0.06 0 0 10.66 44 4.1 10.25 1985
12 9.54 3.64 0.04 0 0 13.22 63.8 4.8 10.75 1985
13 4.78 6.27 0.25 0 0 11.3 63.4 5.6 11.25 1985
14 1.55 6.56 0.57 0 0 8.68 57.5 6.6 11.75 1985
15 0.87 8.92 1.15 0 0 10.94 83.3 7.6 12.25 1985
16 0.49 6.51 1.83 0 0 8.83 76.9 8.7 12.75 1985
17 0.18 5.25 2.37 0.01 0 7.81 78.1 10 13.25 1985
18 0.01 2.98 2.84 0.02 0 5.85 66.7 11.4 13.75 1985
19 0 2.52 3.73 0.16 0 6.41 82.4 12.8 14.25 1985
20 0 1.42 2.54 0.15 0 4.11 59.7 14.5 14.75 1985
21 0 0.98 2.46 0.22 0 3.66 59 16.1 15.25 1985
22 0 0.37 1.28 0.2 0 1.85 32.8 17.7 15.75 1985
23 0 0.41 0.79 0.06 0 1.26 24.8 19.7 16.25 1985
24 0 0.12 0.45 0.08 0 0.65 14.6 22.5 16.75 1985
25 0 0.13 0.23 0.01 0 0.37 8.8 23.9 17.25 1985
26 0 0 0.08 0 0 0.08 2.2 27.8 17.75 1985
27 0 0 0.04 0 0 0.04 1.3 32 18.25 1985
28 0 0 0 0 0 0 0 0 18.75 1985
29 0 0 0 0 0 0 0 0 19.25 1985
30 0 0 0 0 0 0 0 0 19.75 1985
31 0 0 0 0 0 0 0 0 20.25 1985
32 0 0 0 0 0 0 0 0 20.75 1985
1 0 0 0 0 0 0 0 0 5.25 1986
2 0 0 0 0 0 0 0 0 5.75 1986
3 0 0 0 0 0 0 0 0 6.25 1986
4 0 0 0 0 0 0 0 0 6.75 1986
5 0.34 0 0 0 0 0.34 0.3 1 7.25 1986
6 0.19 0 0 0 0 0.19 0.2 1 7.75 1986
7 0.24 0.02 0 0 0 0.26 0.3 1.3 8.25 1986
8 0.47 0.01 0 0 0 0.48 0.9 1.8 8.75 1986
9 0.37 0.03 0 0 0 0.39 0.9 2.2 9.25 1986
10 0.64 0.01 0 0 0 0.65 1.8 2.8 9.75 1986
11 0.97 0.01 0 0 0 0.98 3.5 3.6 10.25 1986
12 1.32 0.09 0 0 0 1.41 6.4 4.5 10.75 1986
13 0.45 0.85 0 0 0 1.29 6.6 5.1 11.25 1986
14 0.74 0.34 0 0 0 1.08 6.8 6.3 11.75 1986
15 0.19 0.19 0.29 0 0 0.67 5.1 7.7 12.25 1986
16 0.08 0.44 0.11 0 0 0.64 5.6 8.8 12.75 1986
17 0.03 0.48 0.18 0 0 0.69 6.5 9.5 13.25 1986
18 0.01 0.59 0.36 0 0 0.96 10.2 10.6 13.75 1986
19 0 0.51 0.51 0.01 0 1.02 12.8 12.5 14.25 1986
20 0 0.46 0.56 0.05 0 1.06 14.8 13.9 14.75 1986
21 0 0.36 0.66 0.12 0 1.14 17.7 15.6 15.25 1986
22 0 0.26 0.41 0.05 0 0.72 12.5 17.3 15.75 1986
23 0 0.05 0.22 0.02 0 0.29 5.5 19.1 16.25 1986
24 0 0.01 0.05 0.02 0 0.08 1.8 21 16.75 1986
25 0 0 0 0 0 0 0.03 25 17.25 1986
26 0 0 0 0 0 0 0.1 27 17.75 1986
27 0 0 0 0 0 0 0 0 18.25 1986
28 0 0 0 0 0 0 0 0 18.75 1986
29 0 0 0 0 0 0 0 0 19.25 1986
30 0 0 0 0 0 0 0 0 19.75 1986
31 0 0 0 0 0 0 0 0 20.25 1986
32 0 0 0 0 0 0 0 0 20.75 1986
1 0 0 0 0 0 0 0 0 5.25 1987
2 0 0 0 0 0 0 0 0 5.75 1987
3 2.22 0 0 0 0 2.22 2.2 1 6.25 1987
4 3.63 0 0 0 0 3.63 3.6 1 6.75 1987
5 3.3 0 0 0 0 3.3 3.3 1 7.25 1987
6 3.19 0 0 0 0 3.19 3.6 1.1 7.75 1987
7 5.31 0 0 0 0 5.31 8.8 1.6 8.25 1987
8 7.52 0 0 0 0 7.52 15.9 2.1 8.75 1987
9 5.41 0 0 0 0 5.41 13.1 2.4 9.25 1987
10 3.15 0.02 0 0 0 3.18 9.7 3.1 9.75 1987
11 1.35 0.02 0 0 0 1.37 4.8 3.5 10.25 1987
12 1.1 0.01 0 0 0 1.1 4.8 4.3 10.75 1987
13 0.48 0 0 0 0 0.48 2.4 4.9 11.25 1987
14 0.43 0.01 0 0 0 0.43 2.5 5.7 11.75 1987
15 0.26 0.03 0 0 0 0.29 1.9 6.5 12.25 1987
16 0.15 0.09 0 0 0 0.24 1.9 8 12.75 1987
17 0.06 0.16 0 0 0 0.23 2.1 9.3 13.25 1987
18 0.02 0.27 0.02 0 0 0.3 3.2 10.6 13.75 1987
19 0 0.42 0.02 0 0 0.44 5.4 12.2 14.25 1987
20 0 0.4 0.02 0 0 0.42 5.9 14 14.75 1987
21 0 0.18 0.03 0 0 0.22 3.4 15.7 15.25 1987
22 0 0.09 0.01 0 0 0.1 1.7 17.4 15.75 1987
23 0 0.01 0 0 0 0.01 0.18 18.4 16.25 1987
24 0 0 0 0 0 0 0 0 16.75 1987
25 0 0 0 0 0 0 0 0 17.25 1987
26 0 0 0 0.01 0 0.01 0.34 34 17.75 1987
27 0 0 0 0 0 0 0 0 18.25 1987
28 0 0 0 0 0 0 0 0 18.75 1987
29 0 0 0 0 0 0 0 0 19.25 1987
30 0 0 0 0 0 0 0 0 19.75 1987
31 0 0 0 0 0 0 0 0 20.25 1987
32 0 0 0 0 0 0 0 0 20.75 1987
1 0 0 0 0 0 0 0 0 5.25 1988
2 0 0 0 0 0 0 0 0 5.75 1988
3 0 0 0 0 0 0 0 0 6.25 1988
4 0.04 0 0 0 0 0.04 0.04 1 6.75 1988
5 0.24 0 0 0 0 0.24 0.2 1 7.25 1988
6 0.74 0 0 0 0 0.74 0.8 1.1 7.75 1988
7 1.49 0 0 0 0 1.49 3.1 2.1 8.25 1988
8 3.16 0 0 0 0 3.16 7.9 2.5 8.75 1988
9 4.17 0 0 0 0 4.17 12.1 2.9 9.25 1988
10 3.99 0.11 0 0 0 4.09 14.1 3.4 9.75 1988
11 2.52 0.09 0 0 0 2.62 10.3 4 10.25 1988
12 2.4 0.35 0 0 0 2.75 12.7 4.6 10.75 1988
13 1.32 0.38 0 0 0 1.71 9.1 5.3 11.25 1988
14 0.69 1.33 0 0 0 2.02 13.1 6.5 11.75 1988
15 0.13 1.99 0 0 0 2.12 15.7 7.4 12.25 1988
16 0.05 4.26 0 0 0 4.32 37.1 8.6 12.75 1988
17 0.05 3.79 0.02 0 0 3.87 37.6 9.7 13.25 1988
18 0 4.58 0.05 0 0 4.64 53.1 11.5 13.75 1988
19 0 3.46 0 0 0 3.46 45.8 13.2 14.25 1988
20 0 2.96 0.02 0 0 2.97 45.5 15.3 14.75 1988
21 0 2.44 0.03 0 0 2.47 43.8 17.7 15.25 1988
22 0 1.46 0.09 0 0 1.55 30.3 19.6 15.75 1988
23 0 0.82 0.03 0 0 0.85 18.8 22.1 16.25 1988
24 0 0.32 0 0 0 0.32 7.8 24.6 16.75 1988
25 0 0.26 0 0 0 0.26 7 26.2 17.25 1988
26 0 0.04 0 0 0 0.04 1.1 30.4 17.75 1988
27 0 0.02 0 0 0 0.02 0.5 31 18.25 1988
28 0 0 0 0 0 0 0 0 18.75 1988
29 0 0 0 0 0 0 0 0 19.25 1988
30 0 0 0 0 0 0 0 0 19.75 1988
31 0 0 0 0 0 0 0 0 20.25 1988
32 0 0 0 0 0 0 0 0 20.75 1988
1 0 0 0 0 0 0 0 0 5.25 1989
2 0 0 0 0 0 0 0 0 5.75 1989
3 0 0 0 0 0 0 0 0 6.25 1989
4 0 0 0 0 0 0 0 0 6.75 1989
5 7.12 0 0 0 0 7.12 9.5 1.3 7.25 1989
6 7.25 0 0 0 0 7.25 12.3 1.7 7.75 1989
7 16.67 0 0 0 0 16.67 35.9 2.2 8.25 1989
8 26.82 0 0 0 0 26.82 66.9 2.5 8.75 1989
9 39.05 0 0 0 0 39.05 107.5 2.8 9.25 1989
10 33.02 0 0 0 0 33.02 104.9 3.2 9.75 1989
11 24.66 0.26 0 0 0 24.92 93.9 3.8 10.25 1989
12 16.05 0.17 0 0 0 16.22 68.6 4.2 10.75 1989
13 7.8 0.95 0 0 0 8.75 44.2 5.1 11.25 1989
14 4.86 0.37 0 0 0 5.23 31.7 6.1 11.75 1989
15 2.99 1.13 0 0 0 4.12 28 6.8 12.25 1989
16 1.7 1.05 0 0 0 2.75 22.5 8.2 12.75 1989
17 0.93 2.61 0 0 0 3.54 32.5 9.2 13.25 1989
18 0.13 3.12 0 0 0 3.25 32.4 10 13.75 1989
19 0.09 3.09 0 0 0 3.18 36.8 11.6 14.25 1989
20 0.04 1.79 0.39 0 0 2.22 28.5 12.8 14.75 1989
21 0.02 1.18 0.68 0 0 1.88 27.7 14.7 15.25 1989
22 0 0.68 0.34 0 0 1.02 18 17.6 15.75 1989
23 0 0.39 0.31 0 0 0.7 15.2 21.8 16.25 1989
24 0 0.39 0.46 0.02 0 0.87 19.5 22.4 16.75 1989
25 0 0.34 0.08 0 0 0.42 11.8 28.1 17.25 1989
26 0 0.14 0.16 0 0 0.3 9.3 30.9 17.75 1989
27 0 0.05 0.08 0 0 0.13 4.5 34.4 18.25 1989
28 0 0.02 0.04 0 0 0.06 2.4 40 18.75 1989
29 0 0 0 0 0 0 0 0 19.25 1989
30 0 0 0 0 0 0 0 0 19.75 1989
31 0 0 0 0 0 0 0 0 20.25 1989
32 0 0 0 0 0 0 0 0 20.75 1989
1 0 0 0 0 0 0 0 0 5.25 1990
2 0 0 0 0 0 0 0 0 5.75 1990
3 0 0 0 0 0 0 0 0 6.25 1990
4 0 0 0 0 0 0 0 0 6.75 1990
5 3.56 0 0 0 0 3.56 3.8 1.1 7.25 1990
6 11.84 0 0 0 0 11.84 24.7 2.1 7.75 1990
7 51.09 0 0 0 0 51.09 102.2 2 8.25 1990
8 91.12 0 0 0 0 91.12 209.6 2.3 8.75 1990
9 102.38 0 0 0 0 102.38 278.5 2.7 9.25 1990
10 102.78 0 0 0 0 102.78 325.2 3.2 9.75 1990
11 101.15 0 0 0 0 101.15 384.4 3.8 10.25 1990
12 80.73 0.14 0 0 0 80.87 352.8 4.4 10.75 1990
13 68.64 2.91 0 0 0 71.55 367.1 5.1 11.25 1990
14 42.14 6.36 0 0 0 48.5 294 6.1 11.75 1990
15 24.68 10.43 0 0 0 35.11 258.1 7.4 12.25 1990
16 11.72 9.77 0 0 0 21.49 184.4 8.6 12.75 1990
17 3.1 15.84 0 0 0 18.94 190.5 10.1 13.25 1990
18 3.45 17.25 0 0 0 20.7 238.6 11.5 13.75 1990
19 1.75 20.54 0 0 0 22.29 292.6 13.1 14.25 1990
20 0.15 19.83 0.1 0 0 20.08 300.4 15 14.75 1990
21 0.09 22.81 0 0 0 22.9 392.3 17.1 15.25 1990
22 0 16.88 1.65 0 0 18.53 364.8 19.7 15.75 1990
23 0 17.52 2.15 0.12 0 19.79 438.5 22.2 16.25 1990
24 0 10.11 2.18 0 0 12.29 301.2 24.5 16.75 1990
25 0 4.35 4.61 0 0 8.96 249.3 27.8 17.25 1990
26 0 1.69 3.27 0 0 4.96 155.3 31.3 17.75 1990
27 0 1.15 1.61 0 0 2.76 97.4 35.3 18.25 1990
28 0 0 0.6 0 0 0.6 22.6 37.6 18.75 1990
29 0 0 0.06 0 0 0.06 2.4 40 19.25 1990
30 0 0 0 0 0 0 0 0 19.75 1990
31 0 0 0 0 0 0 0 0 20.25 1990
32 0 0 0 0 0 0 0 0 20.75 1990
1 0 0 0 0 0 0 0 0 5.25 1991
2 0 0 0 0 0 0 0 0 5.75 1991
3 0 0 0 0 0 0 0 0 6.25 1991
4 0 0 0 0 0 0 0 0 6.75 1991
5 3.22 0.07 0 0 0 3.29 3.3 1 7.25 1991
6 5.63 0 0 0 0 5.63 9 1.6 7.75 1991
7 16.56 0.47 0 0 0 17.03 33.1 1.9 8.25 1991
8 29.38 0.41 0 0 0 29.79 64.6 2.2 8.75 1991
9 47.19 1.42 0 0 0 48.61 146.7 3 9.25 1991
10 97.6 4.61 0 0 0 102.21 344.8 3.4 9.75 1991
11 96.87 20.46 0 0 0 117.33 472.5 4 10.25 1991
12 63.09 46.13 0 0 0 109.22 514.3 4.7 10.75 1991
13 23.03 88.23 0 0 0 111.26 603.7 5.4 11.25 1991
14 11.01 92.38 0.35 0 0 103.74 665.2 6.4 11.75 1991
15 5.04 77.61 0 0 0 82.65 620.7 7.5 12.25 1991
16 1.43 63.54 0.66 0 0 65.63 568.8 8.7 12.75 1991
17 1.28 48.11 0.45 0 0 49.84 503.5 10.1 13.25 1991
18 0.51 39.73 1.89 0 0 42.13 487.7 11.6 13.75 1991
19 0.25 33.38 2.82 0 0 36.45 482.2 13.2 14.25 1991
20 0 23.77 3.58 0 0 27.35 413.5 15.1 14.75 1991
21 0 17.64 5.64 0.05 0 23.33 402.5 17.3 15.25 1991
22 0 8.92 5.01 0.24 0 14.17 270.9 19.1 15.75 1991
23 0 6.49 4.26 0.08 0 10.83 236 21.8 16.25 1991
24 0 3.24 3.89 0 0 7.13 177.6 24.9 16.75 1991
25 0 2.05 2.14 0.04 0 4.23 118 27.9 17.25 1991
26 0 0.93 1.64 0.17 0 2.74 83.2 30.4 17.75 1991
27 0 0.35 0.3 0.57 0 1.22 43 35.2 18.25 1991
28 0 0.17 0.23 0.04 0 0.44 16.9 38.3 18.75 1991
29 0 0.08 0.02 0 0 0.1 4.4 43.8 19.25 1991
30 0 0 0.01 0 0 0.01 0.4 45 19.75 1991
31 0 0 0 0 0 0 0 0 20.25 1991
32 0 0 0 0 0 0 0 0 20.75 1991
1 0 0 0 0 0 0 0 0 5.25 1992
2 0 0 0 0 0 0 0 0 5.75 1992
3 0 0 0 0 0 0 0 0 6.25 1992
4 0 0 0 0 0 0 0 0 6.75 1992
5 3.79 0 0 0 0 3.79 5.7 1.5 7.25 1992
6 8.83 0 0 0 0 8.83 18.2 2.1 7.75 1992
7 13.44 0 0 0 0 13.44 30.7 2.3 8.25 1992
8 34.04 0 0 0 0 34.04 88.7 2.6 8.75 1992
9 69.18 0 0 0 0 69.18 214.4 3.1 9.25 1992
10 91.6 0 0 0 0 91.6 308.8 3.4 9.75 1992
11 61.06 1.98 0 0 0 63.04 247.7 3.9 10.25 1992
12 47.9 7.45 0.22 0 0 55.57 253.6 4.6 10.75 1992
13 15.37 25.82 0.23 0 0 41.42 227.1 5.5 11.25 1992
14 4.01 34.66 0.97 0 0 39.64 253.5 6.4 11.75 1992
15 1.98 31.18 3.51 0 0 36.67 274 7.5 12.25 1992
16 0.09 28.48 6.12 0 0 34.69 298.7 8.6 12.75 1992
17 0 24.67 8.83 0 0 33.5 334 10 13.25 1992
18 0 18.04 13.77 0 0 31.81 367.2 11.5 13.75 1992
19 0 12.39 16.54 0 0 28.93 385.7 13.3 14.25 1992
20 0 6.97 16.59 0 0 23.56 351.2 14.9 14.75 1992
21 0 2.91 17.71 0 0 20.62 364.9 17.7 15.25 1992
22 0 1.11 14.19 0.05 0 15.35 311.3 20.3 15.75 1992
23 0 0.54 14.56 0.25 0 15.35 352.4 23 16.25 1992
24 0 0.06 8.6 0.16 0 8.82 225.4 25.6 16.75 1992
25 0 0 4.69 0.4 0 5.09 147.6 29 17.25 1992
26 0 0 1.6 0.23 0 1.83 56.9 31.1 17.75 1992
27 0 0 0.43 0.23 0 0.66 23.2 35.2 18.25 1992
28 0 0 0.26 0 0 0.26 9.3 35.9 18.75 1992
29 0 0 0 0 0 0 0 0 19.25 1992
30 0 0 0 0 0 0 0 0 19.75 1992
31 0 0 0 0 0 0 0 0 20.25 1992
32 0 0 0 0 0 0 0 0 20.75 1992
1 0 0 0 0 0 0 0 0 5.25 1993
2 0 0 0 0 0 0 0 0 5.75 1993
3 0 0 0 0 0 0 0 0 6.25 1993
4 0 0 0 0 0 0 0 0 6.75 1993
5 0.05 0 0 0 0 0.05 0.1 1.1 7.25 1993
6 0.09 0 0 0 0 0.09 0.1 1.6 7.75 1993
7 0.08 0.01 0 0 0 0.09 0.2 1.9 8.25 1993
8 0.3 0.01 0 0 0 0.32 0.7 2.3 8.75 1993
9 0.5 0.04 0 0 0 0.54 1.6 2.9 9.25 1993
10 0.52 0.08 0 0 0 0.6 2 3.3 9.75 1993
11 0.38 0.37 0 0 0 0.74 3 4 10.25 1993
12 0.18 0.8 0 0 0 0.99 4.7 4.8 10.75 1993
13 0.02 2.64 0 0 0 2.66 14.6 5.5 11.25 1993
14 0.04 5.85 0.04 0 0 5.93 38.7 6.5 11.75 1993
15 0.06 10.31 0.32 0 0 10.69 79.8 7.5 12.25 1993
16 0.01 11.6 0.75 0 0 12.36 105.3 8.5 12.75 1993
17 0 10.21 1.36 0.02 0 11.59 115.6 10 13.25 1993
18 0 5.87 2.58 0.18 0 8.63 99.7 11.6 13.75 1993
19 0 3.21 2.82 0.37 0 6.4 87.3 13.6 14.25 1993
20 0 1.64 3.75 0.44 0 5.82 90.1 15.5 14.75 1993
21 0 0.53 2.63 0.38 0 3.54 60.5 17.1 15.25 1993
22 0 0.14 1.4 0.26 0 1.8 35.1 19.5 15.75 1993
23 0 0.03 0.99 0.23 0 1.25 26.9 21.6 16.25 1993
24 0 0.04 0.52 0.29 0 0.84 19.7 23.4 16.75 1993
25 0 0 0.07 0.1 0 0.17 4.6 26.6 17.25 1993
26 0 0 0.07 0.01 0 0.08 2 27.1 17.75 1993
27 0 0 0 0.13 0 0.13 4 32 18.25 1993
28 0 0 0 0 0 0 0 0 18.75 1993
29 0 0 0 0 0 0 0 0 19.25 1993
30 0 0 0 0 0 0 0 0 19.75 1993
31 0 0 0 0 0 0 0 0 20.25 1993
32 0 0 0 0 0 0 0 0 20.75 1993
1 0 0 0 0 0 0 0 0 5.25 1994
2 0 0 0 0 0 0 0 0 5.75 1994
3 0 0 0 0 0 0 0 0 6.25 1994
4 0 0 0 0 0 0 0 0 6.75 1994
5 0.13 0 0 0 0 0.13 0.1 1 7.25 1994
6 1.04 0 0 0 0 1.04 1.6 1.6 7.75 1994
7 2.73 0 0 0 0 2.73 5.2 1.9 8.25 1994
8 2.7 0.12 0 0 0 2.82 5.9 2.1 8.75 1994
9 2.29 0.07 0 0 0 2.36 6.9 2.9 9.25 1994
10 1.03 0 0 0 0 1.03 3.6 3.5 9.75 1994
11 1.87 0.05 0 0 0 1.92 8 4.2 10.25 1994
12 1.21 0.08 0 0 0 1.29 6.6 5.1 10.75 1994
13 2.28 0.23 0 0 0 2.51 14.8 5.9 11.25 1994
14 1.8 0.41 0.04 0 0 2.25 15.4 6.8 11.75 1994
15 1.46 0.34 0.15 0 0 1.94 15.2 7.8 12.25 1994
16 0.52 0.25 0.14 0 0 0.92 8.4 9.1 12.75 1994
17 0.31 0.18 0.08 0 0 0.57 6 10.7 13.25 1994
18 0.2 0.21 0.17 0.02 0 0.6 7.1 11.8 13.75 1994
19 0.13 0.49 0.49 0.03 0 1.14 15 13.2 14.25 1994
20 0.04 0.4 0.83 0 0 1.27 19.3 15.2 14.75 1994
21 0.02 0.35 0.89 0.02 0 1.29 22.1 17.2 15.25 1994
22 0 0.18 0.83 0.04 0 1.04 19.9 19.1 15.75 1994
23 0 0.05 0.43 0.03 0 0.51 11 21.6 16.25 1994
24 0 0.02 0.22 0.02 0 0.26 6.1 23.5 16.75 1994
25 0 0 0.03 0.01 0 0.04 0.9 26.6 17.25 1994
26 0 0 0 0 0 0 0 0 17.75 1994
27 0 0 0 0 0 0 0 0 18.25 1994
28 0 0 0 0 0 0 0 0 18.75 1994
29 0 0 0 0 0 0 0 0 19.25 1994
30 0 0 0 0 0 0 0 0 19.75 1994
31 0 0 0 0 0 0 0 0 20.25 1994
32 0 0 0 0 0 0 0 0 20.75 1994
1 0 0 0 0 0 0 0 0 5.25 1995
2 0 0 0 0 0 0 0 0 5.75 1995
3 0 0 0 0 0 0 0 0 6.25 1995
4 0 0 0 0 0 0 0 0 6.75 1995
5 0 0 0 0 0 0 0 0 7.25 1995
6 0.03 0 0 0 0 0.03 0.1 2 7.75 1995
7 0.04 0 0 0 0 0.04 0.1 2 8.25 1995
8 0.02 0 0 0 0 0.02 0.04 2.1 8.75 1995
9 0.13 0 0 0 0 0.13 0.4 3 9.25 1995
10 0.32 0 0 0 0 0.32 1.1 3.3 9.75 1995
11 0.74 0 0 0 0 0.74 3 4.1 10.25 1995
12 1.12 0.14 0 0 0 1.26 6.1 4.8 10.75 1995
13 1.27 0.31 0 0 0 1.57 8.8 5.6 11.25 1995
14 0.78 0.33 0 0 0 1.1 7.4 6.7 11.75 1995
15 0.76 0.53 0.01 0 0 1.3 9.9 7.6 12.25 1995
16 0.76 0.6 0.02 0 0 1.38 12.1 8.8 12.75 1995
17 0.56 0.68 0.06 0 0 1.3 12.9 10 13.25 1995
18 0.34 0.8 0.04 0 0 1.18 13.3 11.3 13.75 1995
19 0.19 1.02 0.23 0 0 1.44 18.7 13 14.25 1995
20 0.07 0.96 0.25 0 0 1.29 18.9 14.7 14.75 1995
21 0 0.87 0.38 0.02 0 1.27 21 16.5 15.25 1995
22 0 0.68 0.26 0.05 0 0.99 18.3 18.5 15.75 1995
23 0 0.52 0.17 0.05 0 0.74 15.3 20.7 16.25 1995
24 0 0.45 0.06 0.1 0 0.61 14.1 23.2 16.75 1995
25 0 0.17 0.05 0.06 0 0.28 7.3 26.1 17.25 1995
26 0 0.07 0.02 0.07 0 0.15 4.2 28 17.75 1995
27 0 0.02 0 0 0 0.02 0.5 28.5 18.25 1995
28 0 0 0 0 0 0 0 0 18.75 1995
29 0 0 0 0 0 0 0 0 19.25 1995
30 0 0 0 0 0 0 0 0 19.75 1995
31 0 0 0 0 0 0 0 0 20.25 1995
32 0 0 0 0 0 0 0 0 20.75 1995
1 0 0 0 0 0 0 0 0 5.25 1996
2 0 0 0 0 0 0 0 0 5.75 1996
3 0 0 0 0 0 0 0 0 6.25 1996
4 9.26 0 0 0 0 9.26 9.3 1 6.75 1996
5 6.11 0 0 0 0 6.11 6.1 1 7.25 1996
6 7.13 0 0 0 0 7.13 8.5 1.2 7.75 1996
7 8.52 0 0 0 0 8.52 15.3 1.8 8.25 1996
8 9.91 0 0 0 0 9.91 20.7 2.1 8.75 1996
9 9.87 0.07 0 0 0 9.94 26.9 2.7 9.25 1996
10 7.02 0 0 0 0 7.02 21.9 3.1 9.75 1996
11 7.05 0.13 0 0 0 7.18 26.7 3.7 10.25 1996
12 5.79 0.14 0 0 0 5.93 26.8 4.5 10.75 1996
13 4.6 0.08 0 0 0 4.67 25.9 5.5 11.25 1996
14 3.18 0.24 0 0 0 3.42 22.1 6.5 11.75 1996
15 1.45 0.16 0 0 0 1.61 12.2 7.6 12.25 1996
16 1.03 0.37 0.02 0 0 1.42 12.4 8.7 12.75 1996
17 0.62 0.32 0.02 0 0 0.96 9.2 9.6 13.25 1996
18 0.25 0.59 0.07 0 0 0.9 10 11.1 13.75 1996
19 0.11 0.71 0.01 0 0 0.83 10.6 12.7 14.25 1996
20 0.01 1.06 0.07 0 0 1.13 16.3 14.4 14.75 1996
21 0 1.2 0.22 0 0 1.42 23.4 16.5 15.25 1996
22 0 1.29 0.21 0.01 0 1.51 27.6 18.3 15.75 1996
23 0 1.51 0.28 0 0 1.79 38.4 21.4 16.25 1996
24 0 1.7 0.29 0.01 0 1.99 47.4 23.8 16.75 1996
25 0 1.12 0.38 0.02 0 1.52 40.1 26.4 17.25 1996
26 0 0.55 0.21 0 0 0.75 22.3 29.6 17.75 1996
27 0 0.24 0.19 0.02 0 0.45 15.4 34.2 18.25 1996
28 0 0.04 0.08 0 0 0.13 4.8 37.9 18.75 1996
29 0 0.03 0.03 0 0 0.06 2.1 36.4 19.25 1996
30 0 0 0 0 0 0 0 0 19.75 1996
31 0 0 0 0 0 0 0 0 20.25 1996
32 0 0 0 0 0 0 0 0 20.75 1996
1 0 0 0 0 0 0 0 0 5.25 1997
2 0.02 0 0 0 0 0.02 0 1 5.75 1997
3 0.11 0 0 0 0 0.11 0.1 1 6.25 1997
4 0.69 0 0 0 0 0.69 0.7 1 6.75 1997
5 3.93 0 0 0 0 3.93 4.3 1.1 7.25 1997
6 5.24 0 0 0 0 5.24 8.4 1.6 7.75 1997
7 6.41 0.43 0 0 0 6.84 13 1.9 8.25 1997
8 6.72 0.34 0 0 0 7.06 15.6 2.2 8.75 1997
9 7.62 0.49 0 0 0 8.12 22.6 2.8 9.25 1997
10 10.77 2 0 0 0 12.77 42.5 3.3 9.75 1997
11 12.57 1.2 0 0 0 13.77 54.6 4 10.25 1997
12 14.53 1.23 0 0 0 15.76 75.4 4.8 10.75 1997
13 12.1 1.78 0 0 0 13.89 76.6 5.5 11.25 1997
14 10.46 1.83 0 0 0 12.29 79.4 6.5 11.75 1997
15 4.7 3.22 0.02 0 0 7.95 59.3 7.5 12.25 1997
16 2.02 4.52 0.02 0 0 6.56 56.1 8.6 12.75 1997
17 0.69 4.3 0.1 0 0 5.09 49.6 9.7 13.25 1997
18 0.24 3.17 0.03 0 0 3.45 38.5 11.2 13.75 1997
19 0.04 2.66 0.11 0 0 2.8 36.8 13.2 14.25 1997
20 0.02 2.73 0.07 0 0 2.83 42.2 14.9 14.75 1997
21 0 2.79 0.24 0.02 0 3.05 50.7 16.6 15.25 1997
22 0 1.93 0.05 0 0 1.97 36.9 18.7 15.75 1997
23 0 1.74 0.05 0 0 1.79 39.2 22 16.25 1997
24 0 1.32 0.26 0.06 0 1.64 38.6 23.6 16.75 1997
25 0 0.77 0.32 0 0 1.09 28.2 25.9 17.25 1997
26 0 0.53 0.3 0.02 0 0.85 24.8 29.1 17.75 1997
27 0 0.1 0.24 0 0 0.34 11 32.2 18.25 1997
28 0 0.02 0.07 0 0 0.09 3.1 35.4 18.75 1997
29 0 0 0.02 0 0 0.02 0.6 36 19.25 1997
30 0 0 0 0 0 0 0 0 19.75 1997
31 0 0 0 0 0 0 0 0 20.25 1997
32 0 0 0 0 0 0 0 0 20.75 1997
1 0 0 0 0 0 0 0 0 5.25 1998
2 0 0 0 0 0 0 0 0 5.75 1998
3 0.45 0 0 0 0 0.45 0.4 0.9 6.25 1998
4 0.58 0 0 0 0 0.58 0.6 1 6.75 1998
5 1.15 0 0 0 0 1.15 1.2 1 7.25 1998
6 1.52 0 0 0 0 1.52 1.6 1 7.75 1998
7 12.99 0 0 0 0 12.99 17.3 1.3 8.25 1998
8 9.04 0 0 0 0 9.04 19.3 2.1 8.75 1998
9 12.98 0.15 0 0 0 13.14 35.1 2.7 9.25 1998
10 19.35 0.19 0 0 0 19.54 66.3 3.4 9.75 1998
11 27.43 0.88 0 0 0 28.31 114.7 4.1 10.25 1998
12 30.33 1.64 0 0 0 31.96 154.9 4.8 10.75 1998
13 25.85 1.59 0 0 0 27.44 153.4 5.6 11.25 1998
14 22.1 3.63 0 0 0 25.73 165.5 6.4 11.75 1998
15 9.49 5.53 0.08 0 0 15.09 113.8 7.5 12.25 1998
16 4.07 6.43 0.08 0 0 10.58 91.9 8.7 12.75 1998
17 1.17 7.57 0.05 0 0 8.79 89.2 10.2 13.25 1998
18 0.42 8.06 0.06 0 0 8.53 99.2 11.6 13.75 1998
19 0.08 9.02 0.26 0 0 9.35 126.5 13.5 14.25 1998
20 0.05 8.26 0.59 0 0 8.9 137 15.4 14.75 1998
21 0 7.12 0.58 0.04 0 7.74 135.3 17.5 15.25 1998
22 0 5.22 0.97 0.01 0 6.21 122.8 19.8 15.75 1998
23 0 3.37 1.87 0.14 0 5.37 117.5 21.9 16.25 1998
24 0 2.67 2.4 0.04 0 5.11 126 24.7 16.75 1998
25 0 0.61 1.59 0.16 0.05 2.4 67.2 27.9 17.25 1998
26 0 0.57 1.11 0.13 0.03 1.84 56.6 30.7 17.75 1998
27 0 0.1 0.54 0.08 0 0.71 25 35.1 18.25 1998
28 0 0.05 0.26 0.03 0.01 0.35 13.6 38.9 18.75 1998
29 0 0 0.09 0 0 0.09 3.8 40.5 19.25 1998
30 0 0 0 0.01 0 0.01 0.5 41 19.75 1998
31 0 0 0 0 0 0 0 0 20.25 1998
32 0 0 0 0 0 0 0 0 20.75 1998
1 0 0 0 0 0 0 0 0 5.25 1999
2 0 0 0 0 0 0 0 0 5.75 1999
3 0 0 0 0 0 0 0 0 6.25 1999
4 4.31 0 0 0 0 4.31 4.3 1 6.75 1999
5 4.86 0 0 0 0 4.86 7.2 1.5 7.25 1999
6 6.5 0 0 0 0 6.5 11.5 1.8 7.75 1999
7 7.95 0 0 0 0 7.95 14.7 1.9 8.25 1999
8 11.08 0 0 0 0 11.08 23.7 2.1 8.75 1999
9 13.12 0 0 0 0 13.12 34.6 2.6 9.25 1999
10 16.03 0 0 0 0 16.03 50 3.1 9.75 1999
11 21.02 0.2 0 0 0 21.22 79.8 3.8 10.25 1999
12 24.78 0.09 0 0 0 24.87 110.1 4.4 10.75 1999
13 16.49 1.86 0 0 0 18.35 97.2 5.3 11.25 1999
14 13.91 4.69 0 0 0 18.6 114.3 6.1 11.75 1999
15 8.73 6.93 0.05 0 0 15.72 114.4 7.3 12.25 1999
16 3.22 10.07 0.03 0 0 13.31 112.5 8.5 12.75 1999
17 1.27 10.71 0.1 0 0 12.08 122.5 10.1 13.25 1999
18 0.93 12.53 0.23 0 0 13.69 160.3 11.7 13.75 1999
19 0.76 12.46 0.33 0 0 13.55 178.9 13.2 14.25 1999
20 0.46 12.58 0.58 0 0 13.62 204.7 15 14.75 1999
21 0.39 11.84 1.77 0 0 13.99 241.7 17.3 15.25 1999
22 0.11 7.72 2.21 0.03 0 10.07 195.5 19.4 15.75 1999
23 0 4.53 3.38 0.06 0 7.97 174.8 22 16.25 1999
24 0 2.81 3.93 0.14 0 6.88 169.9 24.7 16.75 1999
25 0 1.3 4.58 0.13 0 6.01 164.3 27.3 17.25 1999
26 0 0.47 3.53 0.23 0 4.22 131.8 31.2 17.75 1999
27 0 0.43 2.92 0.2 0 3.55 123.5 34.8 18.25 1999
28 0 0.2 1.9 0.03 0 2.13 81.6 38.3 18.75 1999
29 0 0.08 0.65 0.04 0 0.77 33.9 43.8 19.25 1999
30 0 0 0.32 0 0 0.32 14.8 46.9 19.75 1999
31 0 0 0.05 0 0 0.05 2.4 52.3 20.25 1999
32 0 0 0 0 0 0 0.2 55 20.75 1999
1 0 0 0 0 0 0 0 0 5.25 2000
2 0 0 0 0 0 0 0 0 5.75 2000
3 0 0 0 0 0 0 0 0 6.25 2000
4 2.2 0 0 0 0 2.2 2.2 1 6.75 2000
5 9.51 0 0 0 0 9.51 11.7 1.2 7.25 2000
6 16.25 0 0 0 0 16.25 24.2 1.5 7.75 2000
7 31.94 0 0 0 0 31.94 59 1.8 8.25 2000
8 56.84 0 0 0 0 56.84 128.9 2.3 8.75 2000
9 60.61 0 0 0 0 60.61 168.6 2.8 9.25 2000
10 58.58 0 0 0 0 58.58 192.1 3.3 9.75 2000
11 66.51 0.07 0 0 0 66.59 273.3 4.1 10.25 2000
12 57.78 0.56 0 0 0 58.34 274.7 4.7 10.75 2000
13 40.03 1.02 0 0 0 41.05 225.9 5.5 11.25 2000
14 26.16 4.32 0 0 0 30.48 193.5 6.3 11.75 2000
15 14.42 5.94 0 0 0 20.36 150.3 7.4 12.25 2000
16 4.88 11.35 0 0 0 16.23 142.6 8.8 12.75 2000
17 2.25 12.45 0 0 0 14.7 152.2 10.4 13.25 2000
18 0.81 13.71 0.2 0 0 14.72 176 12 13.75 2000
19 0.24 14.86 0.12 0 0 15.21 208.3 13.7 14.25 2000
20 0.18 13.68 0.46 0 0 14.31 225.3 15.7 14.75 2000
21 0 11.22 1.3 0.09 0 12.62 228.7 18.1 15.25 2000
22 0 8.96 3.15 0 0.06 12.16 244.3 20.1 15.75 2000
23 0 5.48 4.24 0 0 9.72 219.2 22.5 16.25 2000
24 0 3.76 5.85 0.08 0 9.69 246.9 25.5 16.75 2000
25 0 2.14 5.62 0 0 7.76 212.1 27.3 17.25 2000
26 0 0.83 5.42 0 0 6.24 198.3 31.8 17.75 2000
27 0 0.22 4.4 0.11 0 4.72 161.9 34.3 18.25 2000
28 0 0 2.56 0 0 2.56 101.2 39.5 18.75 2000
29 0 0 0.74 0.33 0 1.07 41.2 38.5 19.25 2000
30 0 0 0.06 0.05 0 0.11 4.7 44.1 19.75 2000
31 0 0 0 0.12 0 0.12 5.8 47.7 20.25 2000
32 0 0 0 0 0 0 0 0 20.75 2000
1 0.03 0 0 0 0 0.03 0 0.5 5.25 2001
2 0 0 0 0 0 0 0 0 5.75 2001
3 0.3 0 0 0 0 0.3 0.3 0.9 6.25 2001
4 1.2 0 0 0 0 1.2 1.3 1.1 6.75 2001
5 2.59 0 0 0 0 2.59 2.8 1.1 7.25 2001
6 3.76 0 0 0 0 3.76 5 1.3 7.75 2001
7 5.13 0 0 0 0 5.13 9.7 1.9 8.25 2001
8 9.21 0 0 0 0 9.21 21 2.3 8.75 2001
9 17.35 0 0 0 0 17.35 46.1 2.7 9.25 2001
10 23.35 0.04 0 0 0 23.39 74.3 3.2 9.75 2001
11 25.62 0.38 0 0 0 26 93.5 3.6 10.25 2001
12 15.01 2.46 0 0 0 17.47 77.2 4.4 10.75 2001
13 7.09 8.04 0 0 0 15.13 80.6 5.3 11.25 2001
14 2.82 24.26 0 0 0 27.07 169.2 6.3 11.75 2001
15 0.09 32.27 0.01 0 0 32.36 236.9 7.3 12.25 2001
16 0.03 32.59 0.06 0 0 32.68 266.2 8.1 12.75 2001
17 0 28.54 0.05 0 0 28.59 275.7 9.6 13.25 2001
18 0.02 21.97 0.09 0 0 22.08 251.3 11.4 13.75 2001
19 0 21.22 0.21 0.02 0 21.45 282.4 13.2 14.25 2001
20 0 17.55 0.37 0 0 17.92 270.2 15.1 14.75 2001
21 0 9.46 2.43 0 0 11.89 199 16.7 15.25 2001
22 0 7.9 3.59 0.05 0 11.54 223.8 19.4 15.75 2001
23 0 4.62 4.48 0.01 0 9.1 200.6 22 16.25 2001
24 0 3.89 6.36 0.01 0 10.25 259.6 25.3 16.75 2001
25 0 2.32 4.66 0.28 0 7.25 213.8 29.5 17.25 2001
26 0 1.02 3.17 0.06 0 4.25 139.9 32.9 17.75 2001
27 0 0.12 3.69 0.2 0 4 146.8 36.7 18.25 2001
28 0 0.04 0.86 0.35 0.06 1.32 54.4 41.3 18.75 2001
29 0 0.06 0.46 0.05 0 0.57 24.7 43.4 19.25 2001
30 0 0 0.03 0.03 0 0.06 2.9 49.1 19.75 2001
31 0 0 0 0.01 0 0.01 0.5 48 20.25 2001
32 0 0 0 0 0 0 0 0 20.75 2001
1 0 0 0 0 0 0 0 0 5.25 2002
2 0 0 0 0 0 0 0 0 5.75 2002
3 0 0 0 0 0 0 0 0 6.25 2002
4 0 0 0 0 0 0 0 1 6.75 2002
5 0.21 0 0 0 0 0.21 0.3 1.6 7.25 2002
6 1.67 0 0 0 0 1.67 2.6 1.6 7.75 2002
7 8.84 0 0 0 0 8.84 18.1 2 8.25 2002
8 7.41 0 0 0 0 7.41 18.8 2.5 8.75 2002
9 6.21 0 0 0 0 6.21 19.6 3.2 9.25 2002
10 4.8 0 0 0 0 4.8 16.7 3.5 9.75 2002
11 7.13 0.06 0 0 0 7.19 30.5 4.2 10.25 2002
12 10.47 0.76 0 0 0 11.23 53.5 4.8 10.75 2002
13 8.1 2.59 0 0 0 10.7 58.4 5.5 11.25 2002
14 4.03 9.71 0 0 0 13.74 87.5 6.4 11.75 2002
15 0.45 17.17 0.06 0 0 17.68 138 7.8 12.25 2002
16 0.03 17.85 0.29 0 0 18.17 162.5 8.9 12.75 2002
17 0.2 14.26 1.49 0 0 15.95 158 9.9 13.25 2002
18 0.08 11.09 2.08 0 0 13.24 154.4 11.7 13.75 2002
19 0.06 8.47 5.81 0 0 14.35 190 13.2 14.25 2002
20 0 3.82 6.5 0 0 10.33 155.3 15 14.75 2002
21 0 2.58 6.42 0 0 9 155.2 17.2 15.25 2002
22 0 0.92 6.28 0.01 0 7.21 142.8 19.8 15.75 2002
23 0 0.39 6.25 0.05 0 6.69 152.6 22.8 16.25 2002
24 0 0.42 5.27 0.03 0 5.73 146.3 25.5 16.75 2002
25 0 0.29 4.01 0.05 0 4.35 122.8 28.3 17.25 2002
26 0 0.36 3.19 0.09 0 3.64 115.7 31.8 17.75 2002
27 0 0.06 1.74 0.09 0 1.88 67.5 35.8 18.25 2002
28 0 0 0.64 0.13 0 0.78 29.8 38.3 18.75 2002
29 0 0 0.18 0.06 0 0.24 10.3 43 19.25 2002
30 0 0 0 0.06 0 0.06 2.6 43 19.75 2002
31 0 0 0 0.01 0 0.01 0.4 51.1 20.25 2002
32 0 0 0 0 0 0 0.1 55.8 20.75 2002
1 0 0 0 0 0 0 0 0 5.25 2003
2 0 0 0 0 0 0 0 0 5.75 2003
3 0 0 0 0 0 0 0 0 6.25 2003
4 4.48 0 0 0 0 4.48 4.5 1 6.75 2003
5 8.67 0 0 0 0 8.67 9.3 1.1 7.25 2003
6 4.98 0 0 0 0 4.98 7.5 1.5 7.75 2003
7 14.63 0 0 0 0 14.63 28.9 2 8.25 2003
8 15.62 0 0 0 0 15.62 35.4 2.3 8.75 2003
9 13.09 0 0 0 0 13.09 37.1 2.8 9.25 2003
10 9.25 0.01 0 0 0 9.26 29.5 3.2 9.75 2003
11 6.99 0 0 0 0 6.99 26.5 3.8 10.25 2003
12 3.24 0.03 0 0 0 3.27 14.9 4.6 10.75 2003
13 1.32 0.26 0 0 0 1.58 7.4 4.7 11.25 2003
14 0.16 0.95 0 0 0 1.12 6.7 6 11.75 2003
15 0.02 1.14 0 0 0 1.15 7.9 6.9 12.25 2003
16 0 0.9 0 0 0 0.9 7.3 8.1 12.75 2003
17 0 1.41 0.1 0 0 1.51 13.4 8.9 13.25 2003
18 0 1.45 0.16 0 0 1.61 16.7 10.4 13.75 2003
19 0 1.43 0.74 0 0 2.17 26.2 12.1 14.25 2003
20 0 1.21 1.44 0.02 0 2.67 37.7 14.1 14.75 2003
21 0 0.57 1.79 0.05 0 2.4 39.3 16.4 15.25 2003
22 0 0.18 2.11 0.19 0 2.48 45.2 18.2 15.75 2003
23 0 0.06 2.17 0.2 0 2.43 47.9 19.7 16.25 2003
24 0 0 1.35 0.26 0 1.61 36.2 22.4 16.75 2003
25 0 0 0.77 0.35 0 1.11 27.6 24.9 17.25 2003
26 0 0 0.33 0.2 0 0.53 14.4 27.2 17.75 2003
27 0 0 0.02 0.1 0 0.12 3.6 30.6 18.25 2003
28 0 0 0 0.04 0 0.04 1.5 33.6 18.75 2003
29 0 0 0 0 0 0 0.1 37.1 19.25 2003
30 0 0 0 0 0 0 0 0 19.75 2003
31 0 0 0 0 0 0 0 0 20.25 2003
32 0 0 0 0 0 0 0 0 20.75 2003
1 0 0 0 0 0 0 0 0 5.25 2004
2 0 0 0 0 0 0 0 0 5.75 2004
3 0.2 0 0 0 0 0.2 0.2 0.8 6.25 2004
4 0.49 0 0 0 0 0.49 0.5 1 6.75 2004
5 0.89 0 0 0 0 0.89 0.9 1 7.25 2004
6 1.87 0 0 0 0 1.87 3.3 1.7 7.75 2004
7 2.82 0 0 0 0 2.82 5.5 2 8.25 2004
8 5.84 0 0 0 0 5.84 13.6 2.3 8.75 2004
9 9.12 0 0 0 0 9.12 24.7 2.7 9.25 2004
10 6.75 0.05 0 0 0 6.79 22.8 3.4 9.75 2004
11 7.31 0.25 0 0 0 7.56 30.2 4 10.25 2004
12 5.36 0.2 0 0 0 5.55 26.1 4.7 10.75 2004
13 4.78 0.6 0 0 0 5.37 30.6 5.7 11.25 2004
14 3.46 1.14 0 0 0 4.6 30.1 6.6 11.75 2004
15 1.5 2.13 0 0 0 3.62 28.3 7.8 12.25 2004
16 0.52 3.34 0 0 0 3.86 33.6 8.7 12.75 2004
17 0.22 4.07 0 0 0 4.29 43.2 10.1 13.25 2004
18 0.04 3.48 0.03 0 0 3.55 40.9 11.5 13.75 2004
19 0.01 3.52 0.1 0 0 3.63 49.3 13.6 14.25 2004
20 0.02 2.53 0.41 0 0 2.96 45.1 15.2 14.75 2004
21 0.01 1.87 0.66 0.05 0 2.59 46.4 17.9 15.25 2004
22 0.01 0.97 1.14 0.08 0 2.2 43.9 20 15.75 2004
23 0 0.57 1.35 0.13 0.02 2.06 45.7 22.1 16.25 2004
24 0 0.08 1.21 0.19 0 1.47 36.4 24.7 16.75 2004
25 0 0.01 0.49 0.18 0.04 0.71 18.6 26.1 17.25 2004
26 0 0 0.19 0.02 0 0.21 6.2 29.3 17.75 2004
27 0 0 0.02 0 0 0.03 0.9 32.8 18.25 2004
28 0 0 0 0 0 0 0.1 29.7 18.75 2004
29 0 0 0.01 0.01 0 0.01 0.5 43.4 19.25 2004
30 0 0 0 0 0 0 0.1 40.4 19.75 2004
31 0 0 0 0 0 0 0.2 52.3 20.25 2004
32 0 0 0 0 0.002 0 0 0 20.75 2004
1 0 0 0 0 0 0 0 0 5.25 2005
2 0 0 0 0 0 0 0 0 5.75 2005
3 0 0 0 0 0 0 0 0 6.25 2005
4 0.8 0 0 0 0 0.8 0.8 1 6.75 2005
5 1.56 0 0 0 0 1.56 1.6 1 7.25 2005
6 2.15 0 0 0 0 2.15 3.5 1.6 7.75 2005
7 1.59 0 0 0 0 1.59 1.6 1 8.25 2005
8 1.69 0 0 0 0 1.69 2 1.2 8.75 2005
9 1.75 0 0 0 0 1.75 4.6 2.7 9.25 2005
10 2.46 0 0 0 0 2.46 8.1 3.3 9.75 2005
11 4.03 0.01 0 0 0 4.04 16.9 4.2 10.25 2005
12 4.54 0.07 0 0 0 4.61 22.2 4.8 10.75 2005
13 3.17 0 0 0 0 3.17 17.6 5.5 11.25 2005
14 2.56 0.33 0 0 0 2.88 17.7 6.1 11.75 2005
15 0.45 0.41 0 0 0 0.86 6.5 7.6 12.25 2005
16 0.09 1.29 0.01 0 0 1.38 12 8.7 12.75 2005
17 0 1.35 0.02 0 0 1.37 13.8 10.1 13.25 2005
18 0.09 1.71 0.04 0 0 1.83 21.1 11.5 13.75 2005
19 0.01 1.78 0.06 0 0 1.85 24.5 13.2 14.25 2005
20 0.02 1.84 0.1 0 0 1.97 30.4 15.5 14.75 2005
21 0 1.75 0.2 0 0 1.95 33.5 17.2 15.25 2005
22 0 1.14 0.53 0 0 1.67 32.2 19.3 15.75 2005
23 0 0.76 0.33 0.01 0 1.11 24.5 22.1 16.25 2005
24 0 0.45 0.21 0.03 0 0.69 16.8 24.3 16.75 2005
25 0 0.1 0.15 0 0 0.26 7.2 28.3 17.25 2005
26 0 0.04 0.09 0 0 0.13 3.7 28.6 17.75 2005
27 0 0 0.03 0.01 0 0.04 1.2 33.5 18.25 2005
28 0 0 0 0 0 0 0 34.3 18.75 2005
29 0 0 0 0 0 0 0 37.3 19.25 2005
30 0 0 0 0 0 0 0 0 19.75 2005
31 0 0 0 0 0 0 0 0 20.25 2005
32 0 0 0 0 0 0 0 0 20.75 2005
1 0 0 0 0 0 0 0 0 5.25 2006
2 0 0 0 0 0 0 0 0 5.75 2006
3 0 0 0 0 0 0 0 0 6.25 2006
4 0.28 0 0 0 0 0.28 0.3 1 6.75 2006
5 1.46 0 0 0 0 1.46 1.7 1.2 7.25 2006
6 2.06 0 0 0 0 2.06 4.1 2 7.75 2006
7 5.04 0 0 0 0 5.04 10.1 2 8.25 2006
8 3.52 0 0 0 0 3.52 8.8 2.5 8.75 2006
9 4.02 0 0 0 0 4.02 11.7 2.9 9.25 2006
10 4.3 0 0 0 0 4.3 15.3 3.6 9.75 2006
11 6.65 0.16 0 0 0 6.81 29.2 4.3 10.25 2006
12 9.45 0 0 0 0 9.45 46.9 5 10.75 2006
13 6.5 0.21 0 0 0 6.71 38.1 5.7 11.25 2006
14 8.46 0.27 0 0 0 8.73 56 6.4 11.75 2006
15 3.37 0.07 0 0 0 3.44 26.7 7.8 12.25 2006
16 3.49 1.17 0 0 0 4.66 38.8 8.3 12.75 2006
17 1.14 1.44 0.11 0 0 2.69 26.6 9.9 13.25 2006
18 0.35 2.65 0.06 0 0 3.06 35.1 11.5 13.75 2006
19 0.02 3.8 0.23 0 0 4.06 53.9 13.3 14.25 2006
20 0 2.77 0.33 0 0 3.1 48.4 15.6 14.75 2006
21 0 2.67 0.44 0.02 0 3.13 55 17.6 15.25 2006
22 0 2.62 0.48 0 0 3.09 61.2 19.8 15.75 2006
23 0 1.96 0.78 0.01 0 2.75 62.4 22.7 16.25 2006
24 0 1.16 0.99 0.03 0 2.18 54.9 25.2 16.75 2006
25 0 0.46 0.67 0 0 1.13 32.8 29 17.25 2006
26 0 0.16 0.98 0.09 0 1.22 38.9 31.9 17.75 2006
27 0 0.09 0.36 0.16 0 0.61 21.2 34.9 18.25 2006
28 0 0.01 0.16 0.02 0 0.18 6.8 36.8 18.75 2006
29 0 0.01 0.01 0.01 0 0.03 1.4 46.6 19.25 2006
30 0 0 0 0 0 0 0 0 19.75 2006
31 0 0 0 0 0 0 0 0 20.25 2006
32 0 0 0 0 0 0 0 0 20.75 2006
1 0 0 0 0 0 0 0 0 5.25 2007
2 0 0 0 0 0 0 0 0 5.75 2007
3 0 0 0 0 0 0 0 0 6.25 2007
4 0.16 0 0 0 0 0.23 0.2 1 6.75 2007
5 0.46 0 0 0 0 0.46 0.6 1.3 7.25 2007
6 2.78 0 0 0 0 2.78 4.9 1.7 7.75 2007
7 7.06 0 0 0 0 7.06 14.6 2.1 8.25 2007
8 12.13 0 0 0 0 12.13 30.9 2.6 8.75 2007
9 26.69 0 0 0 0 26.69 79 3 9.25 2007
10 37.73 0 0 0 0 37.73 125 3.3 9.75 2007
11 48.73 0.51 0 0 0 49.24 191.5 3.9 10.25 2007
12 33.23 0.67 0 0 0 33.9 149.3 4.4 10.75 2007
13 21.69 1.16 0 0 0 22.85 114 5 11.25 2007
14 16.01 2.2 0 0 0 18.21 105.8 5.8 11.75 2007
15 6.02 1.68 0.03 0 0 7.73 54 7 12.25 2007
16 3.28 3.38 0 0 0 6.66 54.5 8.2 12.75 2007
17 2.5 3.48 0 0 0 5.98 57.1 9.6 13.25 2007
18 1.13 3.72 0 0 0 4.85 54.5 11.2 13.75 2007
19 1.48 3.78 0.11 0 0 5.37 70.3 13.1 14.25 2007
20 0.48 5.17 0.03 0 0 5.68 83.9 14.8 14.75 2007
21 0.11 7.63 0.05 0 0 7.79 128.4 16.5 15.25 2007
22 0.01 7.5 0.14 0 0 7.65 141.3 18.5 15.75 2007
23 0 7.16 0.71 0 0 7.87 161 20.5 16.25 2007
24 0 3.97 0.44 0 0 4.41 100.5 22.8 16.75 2007
25 0 1.25 0.71 0.11 0 2.07 56.8 27.5 17.25 2007
26 0 1.01 0.27 0.02 0 1.29 38.5 29.8 17.75 2007
27 0 0.29 0.64 0.01 0 0.94 32.3 34.4 18.25 2007
28 0 0.08 0.39 0 0 0.48 18 37.9 18.75 2007
29 0 0.12 0.17 0 0 0.29 10.6 36.9 19.25 2007
30 0 0.01 0.02 0 0 0.03 1.2 37.3 19.75 2007
31 0 0 0 0 0 0 0 0 20.25 2007
32 0 0 0 0 0 0 0 0 20.75 2007
1 0 0 0 0 0 0 0 0 5.25 2008
2 0 0 0 0 0 0 0 0 5.75 2008
3 0 0 0 0 0 0 0 0 6.25 2008
4 0.99 0 0 0 0 0.99 1.1 1.1 6.75 2008
5 6.88 0 0 0 0 6.88 7.8 1.1 7.25 2008
6 17.02 0 0 0 0 17.02 29.6 1.7 7.75 2008
7 32.84 0 0 0 0 32.84 62.7 1.9 8.25 2008
8 43.48 0 0 0 0 43.48 100.6 2.3 8.75 2008
9 55.36 0 0 0 0 55.36 156.3 2.8 9.25 2008
10 52.96 0 0 0 0 52.96 165.2 3.1 9.75 2008
11 50.65 0 0 0 0 50.65 187.6 3.7 10.25 2008
12 27.69 0 0 0 0 27.69 118 4.3 10.75 2008
13 15.01 2.07 0 0 0 17.07 83.6 4.9 11.25 2008
14 8.01 10.36 0 0 0 18.36 114.1 6.2 11.75 2008
15 1.41 10.93 0 0 0 12.34 89.2 7.2 12.25 2008
16 0.24 26.96 0 0 0 27.2 215.8 7.9 12.75 2008
17 0.32 28.93 0 0 0 29.25 276.5 9.5 13.25 2008
18 0 32.2 0 0 0 32.2 355.2 11 13.75 2008
19 0.11 43.3 0.01 0 0 43.42 525.1 12.1 14.25 2008
20 0 25.12 0.34 0 0 25.45 350.8 13.8 14.75 2008
21 0 23.05 0.83 0 0 23.87 376.1 15.8 15.25 2008
22 0 12.54 2.33 0 0 14.87 257.4 17.3 15.75 2008
23 0 9.33 2.97 0 0 12.3 252.9 20.6 16.25 2008
24 0 3.97 4.79 0.55 0 9.31 204.3 22 16.75 2008
25 0 1.68 5.62 0.02 0 7.31 182.3 24.9 17.25 2008
26 0 0.53 3.63 0 0 4.15 119.7 28.8 17.75 2008
27 0 0.22 3.17 0.05 0 3.44 107.4 31.2 18.25 2008
28 0 0.04 0.71 0.98 0 1.73 60.1 34.8 18.75 2008
29 0 0.2 0.45 0.05 0 0.7 27.3 38.8 19.25 2008
30 0 0 0.01 0.04 0 0.05 1.9 38.5 19.75 2008
31 0 0 0 0 0 0 0 0 20.25 2008
32 0 0 0 0 0 0 0 0 20.75 2008
1 0 0 0 0 0 0 0 0 5.25 2009
2 0 0 0 0 0 0 0 0 5.75 2009
3 0.02 0 0 0 0 0.02 0.02 1 6.25 2009
4 0.21 0 0 0 0 0.21 0.21 1 6.75 2009
5 0.7 0 0 0 0 0.7 0.83 1.2 7.25 2009
6 1.93 0 0 0 0 1.93 3.28 1.7 7.75 2009
7 9.91 0.07 0 0 0 9.98 19.96 2 8.25 2009
8 19.59 0 0 0 0 19.59 47.02 2.4 8.75 2009
9 22.9 0.81 0 0 0 23.71 66.39 2.8 9.25 2009
10 24.44 0.36 0 0 0 24.8 81.85 3.3 9.75 2009
11 25.15 1.67 0 0 0 26.82 107.29 4 10.25 2009
12 11.83 3.29 0 0 0 15.11 72.54 4.8 10.75 2009
13 4.93 5.09 0 0 0 10.02 55.1 5.5 11.25 2009
14 1.4 16.87 0 0 0 18.27 116.93 6.4 11.75 2009
15 0.44 16.26 0 0 0 16.69 121.87 7.3 12.25 2009
16 0.42 26.09 0.01 0 0 26.51 225.37 8.5 12.75 2009
17 0.06 24.57 0.14 0 0 24.77 242.76 9.8 13.25 2009
18 0.02 24.1 0.33 0 0 24.45 271.42 11.1 13.75 2009
19 0.02 13.76 1.49 0 0 15.26 192.33 12.6 14.25 2009
20 0.05 9.96 1.58 0 0 11.59 164.58 14.2 14.75 2009
21 0 6 3.68 0 0 9.68 158.74 16.4 15.25 2009
22 0 5.31 6.72 0 0 12.03 222.61 18.5 15.75 2009
23 0 5.07 8.42 0 0 13.48 283.08 21 16.25 2009
24 0 3.26 12.82 0.03 0 16.1 376.79 23.4 16.75 2009
25 0 1.15 9.49 0.06 0 10.7 286.81 26.8 17.25 2009
26 0 2 7.07 0.16 0 9.23 278.75 30.2 17.75 2009
27 0 0.65 6.44 0 0 7.09 234.65 33.1 18.25 2009
28 0 0.07 1.95 0 0 2.02 72.11 35.7 18.75 2009
29 0 0 1.21 0 0 1.21 46.91 38.9 19.25 2009
30 0 0 0.13 0 0 0.13 5.51 43.4 19.75 2009
31 0 0 0 0 0 0 0 0 20.25 2009
32 0 0 0 0 0 0 0 0 20.75 2009
1 0 0 0 0 0 0 0 0 5.25 2010
2 2.81 0 0 0 0 2.81 2.81 1 5.75 2010
3 7.76 0 0 0 0 7.76 7.76 1 6.25 2010
4 10.18 0 0 0 0 10.18 10.18 1 6.75 2010
5 9.52 0 0 0 0 9.52 9.52 1 7.25 2010
6 13.19 0 0 0 0 13.19 18.47 1.4 7.75 2010
7 16.79 0 0 0 0 16.79 31.89 1.9 8.25 2010
8 28.98 0 0 0 0 28.98 60.86 2.1 8.75 2010
9 34.39 0.05 0 0 0 34.44 89.55 2.6 9.25 2010
10 30.39 0 0 0 0 30.39 91.18 3 9.75 2010
11 40.41 0.07 0 0 0 40.47 145.71 3.6 10.25 2010
12 20.68 0.95 0 0 0 21.63 95.16 4.4 10.75 2010
13 19.72 2.29 0 0 0 22.01 110.05 5 11.25 2010
14 8.89 8.09 0 0 0 16.97 101.84 6 11.75 2010
15 2 13.43 0 0 0 15.43 104.93 6.8 12.25 2010
16 1.84 20.82 0.11 0 0 22.77 175.34 7.7 12.75 2010
17 0.07 23.32 0.86 0 0 24.24 215.77 8.9 13.25 2010
18 0.07 16.33 0.76 0 0 17.16 175.01 10.2 13.75 2010
19 0.02 20.6 2.54 0 0 23.16 268.68 11.6 14.25 2010
20 0 8.48 2.68 0 0 11.16 151.72 13.6 14.75 2010
21 0 5.48 7.07 0 0 12.55 197.04 15.7 15.25 2010
22 0 3.26 6.5 0.04 0 9.8 175.44 17.9 15.75 2010
23 0 1.33 8.75 0.24 0 10.32 217.77 21.1 16.25 2010
24 0 2.35 8.25 0.07 0 10.67 250.75 23.5 16.75 2010
25 0 0.47 8.38 0.19 0 9.03 246.6 27.3 17.25 2010
26 0 0.07 6.4 0.3 0 6.78 204.05 30.1 17.75 2010
27 0 0.21 4.44 0.06 0.01 4.71 157.75 33.5 18.25 2010
28 0 0.08 2.84 0.01 0 2.93 109.62 37.4 18.75 2010
29 0 0.1 1.34 0.02 0 1.45 59.61 41 19.25 2010
30 0 0 0.26 0 0 0.26 11.77 44.6 19.75 2010
31 0 0 0.03 0 0 0.03 1.18 47 20.25 2010
32 0 0 0 0 0 0 0 52 20.75 2010
1 0 0 0 0 0 0 0 0 5.25 2011
2 0 0 0 0 0 0 0 0 5.75 2011
3 6.33 0 0 0 0 6.33 6.33 1 6.25 2011
4 20.51 0 0 0 0 20.51 20.51 1 6.75 2011
5 21.12 0 0 0 0 21.12 23.24 1.1 7.25 2011
6 22.87 0 0 0 0 22.87 32.02 1.4 7.75 2011
7 22.22 0 0 0 0 22.22 39.99 1.8 8.25 2011
8 25.95 0.4 0 0 0 26.36 52.71 2 8.75 2011
9 27.85 0.28 0 0 0 28.13 70.33 2.5 9.25 2011
10 21.96 1.7 0 0 0 23.66 75.71 3.2 9.75 2011
11 17.79 4.5 0 0 0 22.29 86.93 3.9 10.25 2011
12 14.8 9.55 0 0 0 24.36 109.6 4.5 10.75 2011
13 6.23 16.85 0 0 0 23.08 124.62 5.4 11.25 2011
14 1.53 18.46 0 0 0 19.99 123.93 6.2 11.75 2011
15 0.39 25.94 0.08 0 0 26.41 192.78 7.3 12.25 2011
16 0 25.69 0.6 0 0 26.3 228.78 8.7 12.75 2011
17 0 21.9 0.19 0 0 22.09 225.29 10.2 13.25 2011
18 0 13.83 1.96 0 0 15.8 180.09 11.4 13.75 2011
19 0 15.51 2.01 0 0 17.52 234.81 13.4 14.25 2011
20 0 11.2 6.83 0 0 18.03 288.5 16 14.75 2011
21 0 6.77 6.42 0.5 0 13.68 246.28 18 15.25 2011
22 0 4.76 8.14 1.71 0 14.62 293.76 20.1 15.75 2011
23 0 2.85 9.8 0.47 0 13.12 301.74 23 16.25 2011
24 0 0.27 7.58 0.26 0 8.12 201.25 24.8 16.75 2011
25 0 0.68 6.92 0.75 0 8.35 239.67 28.7 17.25 2011
26 0 0.03 3.25 1.42 0 4.71 144.06 30.6 17.75 2011
27 0 0 1.33 2.45 0 3.78 139.71 37 18.25 2011
28 0 0 0.22 0.41 0 0.63 22.29 35.5 18.75 2011
29 0 0 0 0.01 0 0.01 0.41 37 19.25 2011
30 0 0 0 0.06 0 0.06 2.34 39 19.75 2011
31 0 0 0 0 0 0 0 0 20.25 2011
32 0 0 0 0 0 0 0 0 20.75 2011
1 0 0 0 0 0 0 0 0 5.25 2012
2 0 0 0 0 0 0 0 0 5.75 2012
3 0 0 0 0 0 0 0 0 6.25 2012
4 2.54 0 0 0 0 2.54 3.048 1.2 6.75 2012
5 5.482 0 0 0 0 5.482 6.578 1.2 7.25 2012
6 8.817 0 0 0 0 8.817 14.107 1.6 7.75 2012
7 11.736 0 0 0 0 11.736 23.472 2 8.25 2012
8 13.283 0.054 0 0 0 13.337 33.343 2.5 8.75 2012
9 17.982 0 0 0 0 17.982 53.946 3 9.25 2012
10 15.782 0.096 0 0 0 15.878 52.397 3.3 9.75 2012
11 21.092 0.951 0 0 0 22.043 83.763 3.8 10.25 2012
12 18.077 4.841 0 0 0 22.918 103.131 4.5 10.75 2012
13 14.363 10.298 0 0 0 24.661 128.237 5.2 11.25 2012
14 7.909 16.599 0 0 0 24.508 149.499 6.1 11.75 2012
15 6.977 28.824 0.16 0 0 35.961 251.727 7 12.25 2012
16 1.283 24.929 0.755 0 0 26.967 210.343 7.8 12.75 2012
17 0.303 24.508 3.017 0 0 27.828 244.886 8.8 13.25 2012
18 0.042 17.968 4.423 0 0 22.433 228.817 10.2 13.75 2012
19 0.071 10.954 6.78 0 0 17.805 204.758 11.5 14.25 2012
20 0.079 6.359 9.968 0 0 16.406 221.481 13.5 14.75 2012
21 0.075 3.457 10.149 0.011 0 13.692 212.226 15.5 15.25 2012
22 0.012 2.474 12.695 0.396 0 15.577 277.271 17.8 15.75 2012
23 0.002 2.208 13.234 0.224 0 15.668 310.226 19.8 16.25 2012
24 0 0.979 10.101 0.086 0 11.166 255.701 22.9 16.75 2012
25 0 0.759 7.44 0.742 0 8.941 224.419 25.1 17.25 2012
26 0 0.099 4.968 0.458 0 5.525 156.91 28.4 17.75 2012
27 0 0 3.11 0.119 0 3.229 102.036 31.6 18.25 2012
28 0 0 0.707 0.234 0 0.941 31.053 33 18.75 2012
29 0 0 0.051 0 0 0.051 1.811 35.5 19.25 2012
30 0 0 0 0 0 0 0 31.8 19.75 2012
31 0 0 0.013 0 0 0.013 0.533 41 20.25 2012
32 0 0 0 0 0 0 0 0 0 2012
1 0 0 0 0 0 0 0 0 5.25 2013
2 0 0 0 0 0 0 0 0 5.75 2013
3 1.024 0 0 0 0 1.024 0.922 0.9 6.25 2013
4 1.73 0 0 0 0 1.73 1.903 1.1 6.75 2013
5 4.344 0 0 0 0 4.344 4.778 1.1 7.25 2013
6 12.645 0 0 0 0 12.645 22.761 1.8 7.75 2013
7 30.055 0 0 0 0 30.055 60.11 2 8.25 2013
8 61.374 0.39 0 0 0 61.764 142.057 2.3 8.75 2013
9 79.927 2.37 0 0 0 82.297 238.661 2.9 9.25 2013
10 42.733 4.087 0 0 0 46.82 149.824 3.2 9.75 2013
11 40.521 10.544 0 0 0 51.065 199.154 3.9 10.25 2013
12 22.475 15.13 0 0 0 37.605 169.223 4.5 10.75 2013
13 12.32 27.673 0.019 0 0 40.012 212.064 5.3 11.25 2013
14 7.06 28.854 2.166 0 0 38.08 239.904 6.3 11.75 2013
15 4.119 31.049 0.634 0.119 0 35.921 258.631 7.2 12.25 2013
16 2.897 26.21 3.056 0 0 32.163 270.169 8.4 12.75 2013
17 0.783 23.589 3.975 0 0 28.347 280.635 9.9 13.25 2013
18 0.215 13.341 6.62 0.333 0 20.509 233.803 11.4 13.75 2013
19 0.236 11.342 7.285 0.425 0 19.288 244.958 12.7 14.25 2013
20 0 8.042 9.034 0.349 0 17.425 257.89 14.8 14.75 2013
21 0 6.022 6.625 0.637 0 13.284 224.5 16.9 15.25 2013
22 0 4.24 7.013 0.413 0 11.666 221.654 19 15.75 2013
23 0 2.114 5.324 0.831 0 8.269 181.091 21.9 16.25 2013
24 0 0.541 3.562 1.157 0 5.26 128.87 24.5 16.75 2013
25 0 0.61 2.609 0.87 0 4.089 113.265 27.7 17.25 2013
26 0 0.034 1.083 1.241 0 2.358 68.146 28.9 17.75 2013
27 0 0.007 0.19 0.395 0 0.592 19.832 33.5 18.25 2013
28 0 0 0.003 0.255 0 0.258 8.617 33.4 18.75 2013
29 0 0 0 0.051 0 0.051 1.989 39 19.25 2013
30 0 0 0 0.006 0.004 0 0 29.1 19.75 2013
31 0 0 0 0 0 0 0 0 20.25 2013
32 0 0 0 0 0 0 0 0 0 2013
1 0 0 0 0 0 0 0 0 5.25 2014
2 0 0 0 0 0 0 0 0 5.75 2014
3 0 0 0 0 0 0 0 0 6.25 2014
4 0.486 0 0 0 0 0.486 0.34 0.7 6.75 2014
5 4.655 0 0 0 0 4.655 4.655 1 7.25 2014
6 9.225 0 0 0 0 9.225 10.148 1.1 7.75 2014
7 7.575 0.503 0 0 0 8.078 11.309 1.4 8.25 2014
8 9.533 0 0 0 0 9.533 19.066 2 8.75 2014
9 11.729 0 0 0 0 11.729 28.15 2.4 9.25 2014
10 15.154 0.448 0 0 0 15.602 45.246 2.9 9.75 2014
11 15.827 0.668 0 0 0 16.495 56.083 3.4 10.25 2014
12 16.242 1.533 0 0 0 17.775 71.1 4 10.75 2014
13 8.49 4.832 0 0 0 13.322 62.613 4.7 11.25 2014
14 2.951 10.349 0.165 0 0 13.465 75.404 5.6 11.75 2014
15 1.883 13.922 0.098 0 0 15.903 101.779 6.4 12.25 2014
16 0.572 16.284 0.369 0 0 17.225 127.465 7.4 12.75 2014
17 0.4 16.437 1.366 0 0 18.203 154.726 8.5 13.25 2014
18 0.258 15.073 1.82 0 0 17.151 166.365 9.7 13.75 2014
19 0.087 9.215 3.455 0 0 12.757 141.603 11.1 14.25 2014
20 0 6.906 3.974 0.157 0 11.037 137.963 12.5 14.75 2014
21 0 4.872 6.848 0.092 0 11.812 171.274 14.5 15.25 2014
22 0.084 1.898 5.135 0.316 0 7.433 119.671 16.1 15.75 2014
23 0 1.765 7.294 0.264 0 9.323 170.611 18.3 16.25 2014
24 0 0.97 3.521 0.501 0 4.992 102.835 20.6 16.75 2014
25 0 0.224 3.056 0.3 0 3.58 83.772 23.4 17.25 2014
26 0 0.446 1.366 0.143 0 1.955 51.612 26.4 17.75 2014
27 0 0.204 0.712 0.117 0 1.033 29.131 28.2 18.25 2014
28 0 0.039 0.095 0.067 0 0.201 6.01 29.9 18.75 2014
29 0 0.001 0.008 0.002 0 0.011 0.336 30.5 19.25 2014
30 0 0 0.004 0 0 0.004 0.146 36.5 19.75 2014
31 0 0 0 0 0 0 0 0 20.25 2014
32 0 0 0 0 0 0 0 0 0 2014
1 0 0 0 0 0 0 0 0 5.25 2015
2 0 0 0 0 0 0 0 0 5.75 2015
3 0 0 0 0 0 0 0 0 6.25 2015
4 1.01 0 0 0 0 1.01 1.01 1 6.75 2015
5 1.17 0 0 0 0 1.17 1.17 1 7.25 2015
6 1.28 0 0 0 0 1.28 2.44 1.9 7.75 2015
7 1.39 0 0 0 0 1.39 2.77 2 8.25 2015
8 1.68 0 0 0 0 1.68 4.21 2.5 8.75 2015
9 2.58 0 0 0 0 2.58 7.23 2.8 9.25 2015
10 4.15 0 0 0 0 4.15 14.12 3.4 9.75 2015
11 6.89 0.2 0 0 0 7.09 28.35 4 10.25 2015
12 8.48 0.22 0 0 0 8.7 40.01 4.6 10.75 2015
13 5.45 1.44 0 0 0 6.88 36.48 5.3 11.25 2015
14 1.6 2.7 0.02 0 0 4.32 26.76 6.2 11.75 2015
15 0.34 4.52 0.31 0 0 5.18 37.78 7.3 12.25 2015
16 0.2 4.98 0.02 0 0 5.2 44.22 8.5 12.75 2015
17 0.12 6.27 0.62 0 0 7.02 68.79 9.8 13.25 2015
18 0.01 6.32 1.01 0 0 7.33 81.39 11.1 13.75 2015
19 0 5.38 1.97 0.17 0 7.52 95.53 12.7 14.25 2015
20 0 2.94 2.12 0.44 0 5.5 81.41 14.8 14.75 2015
21 0 1.63 2.36 1.03 0 5.02 82.81 16.5 15.25 2015
22 0 1.14 2.01 0.86 0 4 75.66 18.9 15.75 2015
23 0 0.44 1.2 0.78 0.01 2.43 55.25 22.7 16.25 2015
24 0 0.05 0.66 0.58 0.02 1.29 32.84 25.4 16.75 2015
25 0 0 0.17 0.38 0.05 0.61 17.23 28.2 17.25 2015
26 0 0 0.03 0.11 0 0.14 4.31 31 17.75 2015
27 0 0 0 0.01 0.01 0.02 0.63 35 18.25 2015
28 0 0 0 0 0 0 0.03 34 18.75 2015
29 0 0 0 0 0 0 0 0 19.25 2015
30 0 0 0 0 0 0 0 0 19.75 2015
31 0 0 0 0 0 0 0 0 20.25 2015
32 0 0 0 0 0 0 0 0 0 2015
1 0 0 0 0 0 0 0 0 5.25 2016
2 0 0 0 0 0 0 0 0 5.75 2016
3 0 0 0 0 0 0 0 0 6.25 2016
4 0 0 0 0 0 0 0 0 6.75 2016
5 0 0 0 0 0 0 0 0 7.25 2016
6 2.753 0 0 0 0 2.753 4.405 1.6 7.75 2016
7 2.247 0 0 0 0 2.247 3.82 1.7 8.25 2016
8 3.005 0 0 0 0 3.005 6.01 2 8.75 2016
9 3.501 0 0 0 0 3.501 9.103 2.6 9.25 2016
10 5.956 0 0 0 0 5.956 17.868 3 9.75 2016
11 3.129 0 0 0 0 3.129 11.264 3.6 10.25 2016
12 1.915 0 0 0 0 1.915 8.235 4.3 10.75 2016
13 1.968 0 0 0 0 1.968 10.234 5.2 11.25 2016
14 1.978 0.076 0 0 0 2.054 12.735 6.2 11.75 2016
15 3.032 0.218 0 0 0 3.25 23.725 7.3 12.25 2016
16 1.191 0.272 0 0 0 1.463 12.143 8.3 12.75 2016
17 0.682 0.773 0 0 0 1.455 13.968 9.6 13.25 2016
18 0.248 0.975 0.011 0 0 1.234 13.451 10.9 13.75 2016
19 0.022 1.383 0.064 0 0 1.469 19.978 13.6 14.25 2016
20 0.016 1.169 0.158 0 0 1.343 20.817 15.5 14.75 2016
21 0.007 1.353 0.12 0.059 0 1.539 27.086 17.6 15.25 2016
22 0 0.841 0.562 0 0 1.403 29.042 20.7 15.75 2016
23 0 0.675 0.626 0.068 0 1.369 30.803 22.5 16.25 2016
24 0 0.171 0.42 0.004 0 0.595 15.232 25.6 16.75 2016
25 0 0.146 0.612 0.009 0 0.767 22.78 29.7 17.25 2016
26 0 0.005 0.232 0.025 0 0.262 8.463 32.3 17.75 2016
27 0 0 0.132 0 0 0.132 4.884 37 18.25 2016
28 0 0.007 0.042 0 0 0.049 1.823 37.2 18.75 2016
29 0 0 0.008 0 0 0.008 0.354 44.3 19.25 2016
30 0 0 0 0 0 0 0 0 19.75 2016
31 0 0 0 0 0 0 0 0 20.25 2016
32 0 0 0 0 0 0 0 0 0 2016
1 0 0 0 0 0 0 0 0 5.25 2017
2 0 0 0 0 0 0 0 0 5.75 2017
3 0 0 0 0 0 0 0 0 6.25 2017
4 0 0 0 0 0 0 0 0 6.75 2017
5 0.253 0 0 0 0 0.253 0 1 7.25 2017
6 0.41 0 0 0 0 0.41 0.67 1.6 7.75 2017
7 1.327 0 0 0 0 1.327 2.26 1.7 8.25 2017
8 5.646 0 0 0 0 5.646 13.04 2.3 8.75 2017
9 13.332 0 0 0 0 13.332 36.8 2.8 9.25 2017
10 14.841 0 0 0 0 14.841 46.75 3.2 9.75 2017
11 16.392 0.565 0 0 0 16.957 62.91 3.7 10.25 2017
12 11.707 0.651 0 0 0 12.358 54.5 4.4 10.75 2017
13 10.004 1.239 0 0 0 11.243 56.89 5.1 11.25 2017
14 4.079 2.79 0 0 0 6.869 41.42 6 11.75 2017
15 3.105 6.808 0 0 0 9.913 71.28 7.2 12.25 2017
16 1.613 10.864 0 0 0 12.476 103.43 8.3 12.75 2017
17 1.414 14.585 0.018 0 0 16.017 151.52 9.5 13.25 2017
18 0.435 12.575 0.123 0.001 0 13.133 141.57 10.8 13.75 2017
19 1.02 15.045 0.339 0 0 16.404 202.75 12.4 14.25 2017
20 0.343 14.52 0.154 0 0 15.016 215.63 14.4 14.75 2017
21 0.18 14.339 0.596 0 0 15.116 247.19 16.3 15.25 2017
22 0.224 12.442 1.877 0 0 14.543 268.46 18.5 15.75 2017
23 0.077 8.318 2.648 0.082 0 11.125 234.33 21.1 16.25 2017
24 0 4.115 2.718 0.094 0 6.927 160.13 23.4 16.75 2017
25 0 3.077 3.46 0.01 0 6.547 174.59 26.7 17.25 2017
26 0 1.031 1.835 0.055 0 2.921 84.92 29.4 17.75 2017
27 0 0.618 1.819 0.015 0 2.451 79.36 32.6 18.25 2017
28 0 0.099 0.927 0.111 0 1.137 35.49 34.6 18.75 2017
29 0 0.058 0.206 0.038 0 0.302 10.18 38.6 19.25 2017
30 0 0 0.049 0 0 0.049 1.94 39.4 19.75 2017
31 0 0 0 0 0 0 0 0 20.25 2017
32 0 0 0 0 0 0 0 0 20.75 2017
1 0 0 0 0 0 0 0 0 5.25 2018
2 0 0 0 0 0 0 0 0 5.75 2018
3 0 0 0 0 0 0 0 0 6.25 2018
4 0 0 0 0 0 0 0 0 6.75 2018
5 0 0 0 0 0 0 0 0 7.25 2018
6 0 0 0 0 0 0 0 0 7.75 2018
7 0 0 0 0 0 0 0 0 8.25 2018
8 4.868714 0 0 0 0 4.868714 1.27496 2.62 8.75 2018
9 4.731105 0 0 0 0 4.731105 14.3318 3.03 9.25 2018
10 5.054591 0 0 0 0 5.113925 18.2052 3.56 9.75 2018
11 6.69779 0.059335 0 0 0 6.702879 27.8469 4.15 10.25 2018
12 6.67223 0.00509 0 0 0 6.678898 32.8049 4.91 10.75 2018
13 11.32362 0.006668 0 0 0 11.554949 64.6457 5.59 11.25 2018
14 7.0888 0.231329 0.054269 0 0 7.640817 49.5526 6.49 11.75 2018
15 4.011028 0.497748 0 0 0 6.64204 49.951 7.52 12.25 2018
16 1.510587 2.631012 0.102516 0 0 5.52741 48.8872 8.84 12.75 2018
17 0.716067 3.914306 0.485916 0 0 9.916602 102.1946 10.31 13.25 2018
18 0.325175 8.714619 0.265964 0 0 9.251621 107.9541 11.67 13.75 2018
19 0.249916 8.660483 1.992403 0 0 12.807023 168.8349 13.18 14.25 2018
20 0.014709 10.564703 1.880142 0 0 12.078759 183.3295 15.18 14.75 2018
21 0 10.183908 3.090835 0 0 9.780296 169.3417 17.31 15.25 2018
22 0 6.689461 3.258373 0 0 6.69262 129.7384 19.39 15.75 2018
23 0 3.434247 2.469591 0.065943 0 5.00168 110.5214 22.1 16.25 2018
24 0 2.466146 2.026583 0.054046 0 2.60415 65.6506 25.21 16.75 2018
25 0 0.523521 2.116927 0.049178 0 2.939418 84.9872 28.91 17.25 2018
26 0 0.773313 1.516593 0.051258 0 1.720657 57.1991 33.24 17.75 2018
27 0 0.149174 0.881069 0.08236 0 1.028314 35.5455 34.57 18.25 2018
28 0 0.064885 0.938961 0.004828 0 0.97548 35.7874 36.69 18.75 2018
29 0 0.031691 0.136725 0.007558 0 0.144283 6.5595 45.46 19.25 2018
30 0 0 0.175583 0.000719 0 0.176302 8.1419 46.18 19.75 2018
31 0 0 0 0 0 0 0 0 20.25 2018
32 0 0 0 0 0 0 0 0 20.75 2018
1 0 0 0 0 0 0 0 0 5.25 2019
2 0 0 0 0 0 0 0 0 5.75 2019
3 0 0 0 0 0 0 0 0 6.25 2019
4 0 0 0 0 0 0 0 0 6.75 2019
5 1.121249 0 0 0 0 1.121249 1.4599 1.3 7.25 2019
6 1.756143 0 0 0 0 1.756143 2.5092 1.43 7.75 2019
7 0.98543 0 0 0 0 0.98543 2.0044 2.03 8.25 2019
8 1.873934 0.008823 0 0 0 1.882758 4.6494 2.47 8.75 2019
9 1.386606 0.041917 0 0 0 1.428522 4.1368 2.9 9.25 2019
10 1.452395 0.006217 0 0 0 1.458611 5.1405 3.52 9.75 2019
11 1.521738 0 0 0 0 1.521738 6.4049 4.21 10.25 2019
12 1.598407 0.016107 0 0 0 1.614514 7.9142 4.9 10.75 2019
13 0.874516 0.14887 0.053211 0 0 1.076598 6.0539 5.62 11.25 2019
14 1.112033 0.122209 0 0 0 1.234242 7.785 6.31 11.75 2019
15 0.949933 0.270767 0 0 0 1.2207 9.2804 7.6 12.25 2019
16 0.512039 0.418465 0.017953 0 0 0.948457 8.3754 8.83 12.75 2019
17 0.746497 0.86465 0.027 0 0 1.638147 16.5158 10.08 13.25 2019
18 0.554422 1.534382 0.279912 0 0 2.368716 27.3028 11.53 13.75 2019
19 0.514641 1.094152 0.042564 0 0 1.651357 21.5585 13.06 14.25 2019
20 0.316858 1.394584 0.123801 0.059378 0 1.894621 27.9925 14.77 14.75 2019
21 0.145869 1.045138 0.267388 0.002236 0 1.460631 24.4877 16.77 15.25 2019
22 0.009713 1.002286 1.390874 0.040857 0 2.443729 46.278 18.94 15.75 2019
23 0.019425 0.736165 1.194589 0.116063 0 2.066242 43.8271 21.21 16.25 2019
24 0.003211 0.387848 1.536933 0.342676 0 2.270668 52.6929 23.21 16.75 2019
25 0 0.049175 0.801412 0.244295 0 1.094881 28.8963 26.39 17.25 2019
26 0 0.101415 0.665326 0.178466 0 0.945207 28.3503 29.99 17.75 2019
27 0 0.013915 0.55094 0.148733 0 0.713587 23.0566 32.31 18.25 2019
28 0 0.003205 0.05992 0.01532 0 0.078445 2.7516 35.08 18.75 2019
29 0 0 0.024054 0.007958 0 0.032011 1.2131 37.9 19.25 2019
30 0 0 0 0.006424 0 0.006424 0.2441 38 19.75 2019
31 0 0 0 0.006444 0 0.006444 0.2642 41 20.25 2019
32 0 0 0 4.2e-05 0 4.2e-05 0.0018 44 20.75 2019
