age year winter05 winter03 winter02 spring01 spring05 spring04 fill0 fill1 fill2 fill3 autumn08 autumn02
1 1972 4e-04 0.00024 0.00016 0 0 0 0 0 0 0 0 0
2 1972 0.226217391304348 0.135730434782609 0.0904869565217392 0.0052 0.026 0.0208 0 0 0 0 1.02296 0.25574
3 1972 0.167866770186336 0.100720062111801 0.0671467080745342 0.256721122112211 1.28360561056105 1.02688448844884 0 0 0 0 7.41944 1.85486
4 1972 0.0347272727272728 0.0208363636363636 0.0138909090909091 0.0236647940074906 0.118323970037453 0.0946591760299624 0 0 0 0 3.31168 0.82792
5 1972 0.00615 0.00369 0.00246 0 0 0 0 0 0 0 0.2532 0.0633
1 1973 0 0 0 0 0 0 0 0 0 0 0.01 0.0025
2 1973 0 0 0 0 0 0 0 0 0 0 9.94824 2.48706
3 1973 0 0 0 0.00596875 0.02984375 0.023875 0 0 0 0 4.69512 1.17378
4 1973 0 0 0 0.0502110344827586 0.251055172413793 0.200844137931034 0 0 0 0 0.98912 0.24728
5 1973 0 0 0 0.00684014598540146 0.0342007299270073 0.0273605839416058 0 0 0 0 0.058248 0.014562
1 1974 0.0925 0.0555 0.037 0 0 0 0 0 0 0 1.3560008 0.3390002
2 1974 0.29883 0.179298 0.119532 0.013 0.065 0.052 0 0 0 0 9.044808 2.261202
3 1974 0.2007 0.12042 0.08028 0.0042 0.021 0.0168 0 0 0 0 9.2064 2.3016
4 1974 0.0015 9e-04 6e-04 4e-04 0.002 0.0016 0 0 0 0 0.6424 0.1606
5 1974 0 0 0 2e-04 0.001 8e-04 0 0 0 0 0.06472 0.01618
1 1975 0.101 0.0606 0.0404 0.0025307923112315 0.0126539615561575 0.010123169244926 0 0 0 0 1.2216 0.3054
2 1975 1.0538 0.63228 0.42152 0.0615180215581984 0.307590107790992 0.246072086232794 0 0 0 0 9.7216 2.4304
3 1975 0.9001 0.54006 0.36004 0.076034842932359 0.380174214661795 0.304139371729436 0 0 0 0 13.2008 3.3002
4 1975 0.11945 0.07167 0.04778 0.0579415658606361 0.289707829303181 0.231766263442544 0 0 0 0 5.012 1.253
5 1975 0 0 0 0 0 0 0 0 0 0 0.0264 0.0066
1 1976 1.186 0.7116 0.4744 0 0 0 0 0 0 0 0.1728 0.0432
2 1976 3.5283 2.11698 1.41132 0.01 0.05 0.04 0 0 0 0 6.6592 1.6648
3 1976 1.4536 0.87216 0.58144 0.0456 0.228 0.1824 0 0 0 0 15.5144 3.8786
4 1976 0.31565 0.18939 0.12626 0.1683 0.8415 0.6732 0 0 0 0 12.556 3.139
5 1976 0.0273 0.01638 0.01092 0.0347 0.1735 0.1388 0 0 0 0 2.2752 0.5688
1 1977 0.2335 0.1401 0.0934 2e-04 0.001 8e-04 0 0 0 0 1.1456 0.2864
2 1977 3.1162 1.86972 1.24648 0.179908742641609 0.899543713208045 0.719634970566436 0 0 0 0 30.1856 7.5464
3 1977 0.595385 0.357231 0.238154 0.107166194286466 0.53583097143233 0.428664777145864 0 0 0 0 17.7336 4.4334
4 1977 0.07387 0.044322 0.029548 0.0632714676258494 0.316357338129247 0.253085870503398 0 0 0 0 6.1208 1.5302
5 1977 0.00152 0.000912 0.000608 0.0525717451700275 0.262858725850137 0.21028698068011 0 0 0 0 1.1248 0.2812
1 1978 0.503 0.3018 0.2012 0 0 0 0 0 0 0 0.0208 0.0052
2 1978 5.60171 3.361026 2.240684 0.0438858500519496 0.219429250259748 0.175543400207798 0 0 0 0 11.7064 2.9266
3 1978 0.46956 0.281736 0.187824 0.230462110451599 1.152310552258 0.921848441806396 0 0 0 0 8.08 2.02
4 1978 0.022615 0.013569 0.009046 0.101909280220363 0.509546401101815 0.407637120881452 0 0 0 0 0.9664 0.2416
5 1978 0 0 0 0.0128796100287535 0.0643980501437675 0.051518440115014 0 0 0 0 0.1384 0.0346
1 1979 0.1695 0.1017 0.0678 0 0 0 0 0 0 0 0.0192 0.0048
2 1979 6.80975 4.08585 2.7239 0.00800556586270666 0.0400278293135333 0.0320222634508266 0 0 0 0 11.0176 2.7544
3 1979 1.62715 0.97629 0.65086 0.207293320964418 1.03646660482209 0.829173283857672 0 0 0 0 13.6624 3.4156
4 1979 0.0609 0.03654 0.02436 0.0987706864561519 0.49385343228076 0.395082745824608 0 0 0 0 0.9512 0.2378
5 1979 0 0 0 0.00151113172541331 0.00755565862706655 0.00604452690165324 0 0 0 0 0.0144 0.0036
1 1980 0.3305 0.1983 0.1322 0 0 0 0 0 0 0 0.3576 0.0894
2 1980 0.57677 0.346062 0.230708 0.007 0.035 0.028 0 0 0 0 4.4104 1.1026
3 1980 0.21838 0.131028 0.087352 0.167041185004404 0.83520592502202 0.668164740017616 0 0 0 0 13.4735928 3.3683982
4 1980 0.010735 0.006441 0.004294 0.217305743205253 1.08652871602627 0.869222972821012 0 0 0 0 2.1976 0.5494
5 1980 0 0 0 0 0 0 0 0 0 0 0.0376 0.0094
1 1981 0.371 0.2226 0.1484 0 0 0 0 0 0 0 1.0304 0.2576
2 1981 1.50098 0.900588 0.600392 0.086 0.43 0.344 0 0 0 0 17.5896 4.3974
3 1981 0.148805 0.089283 0.059522 0.0988360453686645 0.494180226843323 0.395344181474658 0 0 0 0 11.0512 2.7628
4 1981 0.007645 0.004587 0.003058 0.0180358310259453 0.0901791551297265 0.0721433241037812 0 0 0 0 2.4856 0.6214
5 1981 0 0 0 0 0 0 0 0 0 0 0.1024 0.0256
1 1982 0.2325 0.1395 0.093 8e-04 0.004 0.0032 0 0 0 0 0.4928 0.1232
2 1982 1.261865 0.757119 0.504746 0.0411302640821823 0.205651320410911 0.164521056328729 0 0 0 0 12.5392 3.1348
3 1982 0.14531 0.087186 0.058124 0.120246476703463 0.601232383517315 0.480985906813852 0 0 0 0 14.42 3.605
4 1982 0 0 0 0.00983345040975574 0.0491672520487787 0.039333801639023 0 0 0 0 0.8144 0.2036
5 1982 0 0 0 0.000201760547881881 0.00100880273940941 0.000807042191527524 0 0 0 0 0.024 0.006
1 1983 0.507 0.3042 0.2028 0 0 0 0 0 0 0 1.5704 0.3926
2 1983 1.4509 0.87054 0.58036 0.019 0.095 0.076 0 0 0 0 19.71584 4.92896
3 1983 0.3052 0.18312 0.12208 0.19403683411717 0.97018417058585 0.77614733646868 0 0 0 0 14.7592 3.6898
4 1983 0.00815 0.00489 0.00326 0.0590082022195734 0.295041011097867 0.236032808878294 0 0 0 0 0.3432 0.0858
5 1983 0 0 0 0 0 0 0 0 0 0 0 0
1 1984 0.648185 0.388911 0.259274 0 0 0 0 0 0 0 0.7232 0.1808
2 1984 2.676985 1.606191 1.070794 0.004 0.02 0.016 0 0 0 0 9.276 2.319
3 1984 0.592585 0.355551 0.237034 0.0962639425777105 0.481319712888553 0.385055770310842 0 0 0 0 7.5264 1.8816
4 1984 0.034995 0.020997 0.013998 0.0480339620474564 0.240169810237282 0.192135848189826 0 0 0 0 0.5408 0.1352
5 1984 0 0 0 0.00124005347449614 0.0062002673724807 0.00496021389798456 0 0 0 0 0.008 0.002
1 1985 0.28575 0.17145 0.1143 0 0 0 0 0 0 0 0.3744 0.0936
2 1985 1.0485 0.6291 0.4194 0.0111001342977051 0.0555006714885255 0.0444005371908204 0 0 0 0 4.2152 1.0538
3 1985 0.62585 0.37551 0.25034 0.0641014772747559 0.32050738637378 0.256405909099024 0 0 0 0 4.9096 1.2274
4 1985 0.03335 0.02001 0.01334 0.0570966048575757 0.285483024287878 0.228386419430303 0 0 0 0 0.2616 0.0654
5 1985 0 0 0 0.001 0.005 0.004 0 0 0 0 0 0
1 1986 0 0 0 0 0 0 0 0 0 0 0 0
2 1986 0 0 0 0.0021 0.0105 0.0084 0 0 0 0 0 0
3 1986 0 0 0 0.049 0.245 0.196 0 0 0 0 0 0
4 1986 0 0 0 0.0308 0.154 0.1232 0 0 0 0 0 0
5 1986 0 0 0 0.0018 0.009 0.0072 0 0 0 0 0 0
1 1987 0 0 0 0 0 0 0 0 0 0 0 0
2 1987 0 0 0 0 0 0 0 0 0 0 0 0
3 1987 0 0 0 0 0 0 0 0 0 0 0 0
4 1987 0 0 0 0 0 0 0 0 0 0 0 0
5 1987 0 0 0 0 0 0 0 0 0 0 0 0
1 1988 0 0 0 0 0 0 0 0 0 0 0 0
2 1988 0 0 0 0 0 0 0 0 0 0 0 0
3 1988 0 0 0 0 0 0 0 0 0 0 0 0
4 1988 0 0 0 0 0 0 0 0 0 0 0 0
5 1988 0 0 0 0 0 0 0 0 0 0 0 0
1 1989 0 0 0 0 0 0 0 0 0 0 0 0
2 1989 0 0 0 0 0 0 0 0 0 0 0 0
3 1989 0 0 0 0 0 0 0 0 0 0 0 0
4 1989 0 0 0 0 0 0 0 0 0 0 0 0
5 1989 0 0 0 0 0 0 0 0 0 0 0 0
1 1990 0 0 0 0 0 0 0 0 0 0 0 0
2 1990 0 0 0 0 0 0 0 0 0 0 0 0
3 1990 0 0 0 0 0 0 0 0 0 0 0 0
4 1990 0 0 0 0 0 0 0 0 0 0 0 0
5 1990 0 0 0 0 0 0 0 0 0 0 0 0
1 1991 0.9555 0.5733 0.3822 2e-04 0.001 8e-04 0 0 0 0 0.2224 0.0556
2 1991 1.82857 1.097142 0.731428 0.0324368927884741 0.16218446394237 0.129747571153896 0 0 0 0 2.3912 0.5978
3 1991 0.100455 0.060273 0.040182 0.140125990330751 0.700629951653755 0.560503961323004 0 0 0 0 0.2384 0.0596
4 1991 0 0 0 0.0015567796834507 0.0077838984172535 0.0062271187338028 0 0 0 0 0.032 0.008
5 1991 0 0 0 0 0 0 0 0 0 0 0.008 0.002
1 1992 0.13445 0.08067 0.05378 0 0 0 0 0 0 0 0.4888 0.1222
2 1992 0.843565 0.506139 0.337426 0.029 0.145 0.116 0 0 0 0 2.6464 0.6616
3 1992 0.610905 0.366543 0.244362 0.257773564105127 1.28886782052563 1.03109425642051 0 0 0 0 2.2008 0.5502
4 1992 0.02626 0.015756 0.010504 0.00124645176271765 0.00623225881358825 0.0049858070508706 0 0 0 0 0.04 0.01
5 1992 0 0 0 0 0 0 0 0 0 0 0.008 0.002
1 1993 0 0 0 0 0 0 0 0 0 0 0 0
2 1993 0 0 0 0.0456079596618385 0.228039798309192 0.182431838647354 0 0 0 0 0 0
3 1993 0 0 0 0.111918396922295 0.559591984611475 0.44767358768918 0 0 0 0 0 0
4 1993 0 0 0 0.118249241047284 0.59124620523642 0.472996964189136 0 0 0 0 0 0
5 1993 0 0 0 0.00124179083684072 0.0062089541842036 0.00496716334736288 0 0 0 0 0 0
1 1994 0 0 0 0 0 0 0 0 0 0 0 0
2 1994 0 0 0 0 0 0 0 0 0 0 0 0
3 1994 0 0 0 0 0 0 0 0 0 0 0 0
4 1994 0 0 0 0 0 0 0 0 0 0 0 0
5 1994 0 0 0 0 0 0 0 0 0 0 0 0
1 1995 0 0 0 0 0 0 0 0 0 0 0 0
2 1995 0 0 0 0 0 0 0 0 0 0 0 0
3 1995 0 0 0 0 0 0 0 0 0 0 0 0
4 1995 0 0 0 0 0 0 0 0 0 0 0 0
5 1995 0 0 0 0 0 0 0 0 0 0 0 0
1 1996 0 0 0 0 0 0 0 0 0 0 0 0
2 1996 0 0 0 0 0 0 0 0 0 0 0 0
3 1996 0 0 0 0 0 0 0 0 0 0 0 0
4 1996 0 0 0 0 0 0 0 0 0 0 0 0
5 1996 0 0 0 0 0 0 0 0 0 0 0 0
1 1997 0 0 0 0 0 0 0 0 0 0 0 0
2 1997 0 0 0 0 0 0 0 0 0 0 0 0
3 1997 0 0 0 0 0 0 0 0 0 0 0 0
4 1997 0 0 0 0 0 0 0 0 0 0 0 0
5 1997 0 0 0 0 0 0 0 0 0 0 0 0
1 1998 0 0 0 0 0 0 0 0 0 0 0 0
2 1998 0 0 0 0 0 0 0 0 0 0 0 0
3 1998 0 0 0 0 0 0 0 0 0 0 0 0
4 1998 0 0 0 0 0 0 0 0 0 0 0 0
5 1998 0 0 0 0 0 0 0 0 0 0 0 0
1 1999 0 0 0 1.23571207908557e-05 6.17856039542785e-05 4.94284831634228e-05 0 0 0 0 0 0
2 1999 0 0 0 0.00016035192280403 0.00080175961402015 0.00064140769121612 0 0 0 0 0 0
3 1999 0 0 0 0.000460358402660209 0.00230179201330105 0.00184143361064084 0 0 0 0 0 0
4 1999 0 0 0 0 0 0 0 0 0 0 0 0
5 1999 0 0 0 0 0 0 0 0 0 0 0 0
1 2000 0.0706330698315325 0.0423798418989195 0.028253227932613 0.0122874251497006 0.061437125748503 0.0491497005988024 0 0 0 0 0 0
2 2000 0.118890170987769 0.0713341025926614 0.0475560683951076 0.013932644916244 0.06966322458122 0.055730579664976 0 0 0 0 0 0
3 2000 0.00055953708646726 0.000335722251880356 0.000223814834586904 0.0319243656742444 0.159621828371222 0.127697462696978 0 0 0 0 0 0
4 2000 0 0 0 0.00171314413689835 0.00856572068449175 0.0068525765475934 0 0 0 0 0 0
5 2000 0 0 0 0 0 0 0 0 0 0 0 0
1 2001 0.0025715618336887 0.00154293710021322 0.00102862473347548 0.0084662 0.042331 0.0338648 0 0 0 0 0 0
2 2001 0.057392139957356 0.0344352839744136 0.0229568559829424 0.0492044488869453 0.246022244434727 0.196817795547781 0 0 0 0 0 0
3 2001 0 0 0 0.0602919078649653 0.301459539324826 0.241167631459861 0 0 0 0 0 0
4 2001 0 0 0 0 0 0 0 0 0 0 0 0
5 2001 0 0 0 0 0 0 0 0 0 0 0 0
1 2002 0.0121163505640497 0.00726981033842979 0.00484654022561986 0.00233551724137931 0.0116775862068966 0.00934206896551724 0 0 0 0 0 0
2 2002 0.071631920603587 0.0429791523621522 0.0286527682414348 0.00692212848333482 0.0346106424166741 0.0276885139333393 0 0 0 0 0 0
3 2002 0.0081657467229743 0.00489944803378458 0.00326629868918972 0.0942259202632374 0.471129601316187 0.37690368105295 0 0 0 0 0 0
4 2002 0 0 0 0 0 0 0 0 0 0 0 0
5 2002 0 0 0 0 0 0 0 0 0 0 0 0
1 2003 0 0 0 0 0 0 0 0 0 0 0 0
2 2003 0 0 0 0 0 0 0 0 0 0 0 0
3 2003 0 0 0 0.0479957057356812 0.239978528678406 0.191982822942725 0 0 0 0 0 0
4 2003 0 0 0 0.0127888737933952 0.063944368966976 0.0511554951735808 0 0 0 0 0 0
5 2003 0 0 0 0.1 0.5 0.4 0 0 0 0 0 0
1 2004 0 0 0 0 0 0 0 0 0 0 0 0
2 2004 0 0 0 0 0 0 0 0 0 0 0 0
3 2004 0 0 0 0 0 0 0 0 0 0 0 0
4 2004 0 0 0 0 0 0 0 0 0 0 0 0
5 2004 0 0 0 0 0 0 0 0 0 0 0 0
1 2005 0.0169121234405073 0.0101472740643044 0.00676484937620292 0 0 0 0 0 0 0 0 0
2 2005 0.00300361943949759 0.00180217166369856 0.00120144777579904 9.3e-05 0.000465 0.000372 0 0 0 0 0 0
3 2005 0 0 0 0.0007932 0.003966 0.0031728 0 0 0 0 0 0
4 2005 0 0 0 5.78e-05 0.000289 0.0002312 0 0 0 0 0 0
5 2005 0 0 0 0 0 0 0 0 0 0 0 0
1 2006 0 0 0 0 0 0 0 0 0 0 0 0
2 2006 0 0 0 0 0 0 0 0 0 0 0 0
3 2006 0 0 0 0 0 0 0 0 0 0 0 0
4 2006 0 0 0 0 0 0 0 0 0 0 0 0
5 2006 0 0 0 0 0 0 0 0 0 0 0 0
1 2007 0 0 0 0 0 0 0 0 0 0 0 0
2 2007 0 0 0 0 0 0 0 0 0 0 0 0
3 2007 0 0 0 3.86213340405112e-05 0.000193106670202556 0.000154485336162045 0 0 0 0 0 0
4 2007 0 0 0 0 0 0 0 0 0 0 0 0
5 2007 0 0 0 0 0 0 0 0 0 0 0 0
1 2008 0 0 0 0 0 0 0 0 0 0 0 0
2 2008 0 0 0 0.001 0.005 0.004 0 0 0 0 0 0
3 2008 0 0 0 0 0 0 0 0 0 0 0 0
4 2008 0 0 0 0 0 0 0 0 0 0 0 0
5 2008 0 0 0 0 0 0 0 0 0 0 0 0
1 2009 0 0 0 0.025346 0.12673 0.101384 0 0 0 0 0 0
2 2009 0 0 0 0.019291 0.096455 0.077164 0 0 0 0 0 0
3 2009 0 0 0 0.011525 0.057625 0.0461 0 0 0 0 0 0
4 2009 0 0 0 0 0 0 0 0 0 0 0 0
5 2009 0 0 0 0 0 0 0 0 0 0 0 0
1 2010 0 0 0 0.004263 0.021315 0.017052 0 0 0 0 0 0
2 2010 0 0 0 0.00258 0.0129 0.01032 0 0 0 0 0 0
3 2010 0 0 0 0.0498254 0.249127 0.1993016 0 0 0 0 0 0
4 2010 0 0 0 0.000222 0.00111 0.000888 0 0 0 0 0 0
5 2010 0 0 0 0 0 0 0 0 0 0 0 0
1 2011 0 0 0 0 0 0 0 0 0 0 0 0
2 2011 0 0 0 1e-04 5e-04 4e-04 0 0 0 0 0 0
3 2011 0 0 0 0.0102677 0.0513385 0.0410708 0 0 0 0 0 0
4 2011 0 0 0 0 0 0 0 0 0 0 0 0
5 2011 0 0 0 0 0 0 0 0 0 0 0 0
1 2012 0 0 0 0 0 0 0 0 0 0 0 0
2 2012 0 0 0 0 0 0 0 0 0 0 0 0
3 2012 0 0 0 0.0430277728814555 0.215138864407278 0.172111091525822 0 0 0 0 0 0
4 2012 0 0 0 0.00745599309881481 0.0372799654940741 0.0298239723952592 0 0 0 0 0 0
5 2012 0 0 0 0 0 0 0 0 0 0 0 0
1 2013 0 0 0 0 0 0 0 0 0 0 0 0
2 2013 0 0 0 0.00831289178804165 0.0415644589402083 0.0332515671521666 0 0 0 0 0 0
3 2013 0 0 0 0.00673235584510782 0.0336617792255391 0.0269294233804313 0 0 0 0 0 0
4 2013 0 0 0 0.0034874 0.017437 0.0139496 0 0 0 0 0 0
5 2013 0 0 0 0.0017437 0.0087185 0.0069748 0 0 0 0 0 0
1 2014 0 0 0 0 0 0 0 0 0 0 0 0
2 2014 0 0 0 0.000118694284278918 0.00059347142139459 0.000474777137115672 0 0 0 0 0 0
3 2014 0 0 0 0.00554311242190229 0.0277155621095115 0.0221724496876092 0 0 0 0 0 0
4 2014 0 0 0 0.00757396849075137 0.0378698424537569 0.0302958739630055 0 0 0 0 0 0
5 2014 0 0 0 0 0 0 0 0 0 0 0 0
1 2015 0 0 0 0 0 0 0 0 0 0 0 0
2 2015 0 0 0 0.0009366 0.004683 0.0037464 0 0 0 0 0 0
3 2015 0 0 0 0.0548591 0.2742955 0.2194364 0 0 0 0 0 0
4 2015 0 0 0 0.0167554 0.083777 0.0670216 0 0 0 0 0 0
5 2015 0 0 0 0.0013214 0.006607 0.0052856 0 0 0 0 0 0
1 2016 0 0 0 0 0 0 0 0 0 0 0 0
2 2016 0 0 0 0 0 0 0 0 0 0 0 0
3 2016 0 0 0 0 0 0 0 0 0 0 0 0
4 2016 0 0 0 0 0 0 0 0 0 0 0 0
5 2016 0 0 0 0 0 0 0 0 0 0 0 0
1 2017 0 0 0 0 0 0 0 0 0 0 0 0
2 2017 0 0 0 0 0 0 0 0 0 0 0 0
3 2017 0 0 0 0 0 0 0 0 0 0 0 0
4 2017 0 0 0 0 0 0 0 0 0 0 0 0
5 2017 0 0 0 0 0 0 0 0 0 0 0 0
1 2018 0 0 0 0 0 0 0 0 0 0 0 0
2 2018 0 0 0 0.0053 0.0265 0.0212 0 0 0 0 0 0
3 2018 0 0 0 0.0273 0.1365 0.1092 0 0 0 0 0 0
4 2018 0 0 0 0 0 0 0 0 0 0 0 0
5 2018 0 0 0 0 0 0 0 0 0 0 0 0
1 2019 0 0 0 0 0 0 0 0 0 0 0 0
2 2019 0 0 0 0 0 0 0 0 0 0 0 0
3 2019 0 0 0 0 0 0 0 0 0 0 0 0
4 2019 0 0 0 0 0 0 0 0 0 0 0 0
5 2019 0 0 0 0 0 0 0 0 0 0 0 0
